0 0 1
0.161003 0 0.771111
0.161047 0.0265124 0.703876
0.201483 0.0237947 0.665856
0.202794 0.0419183 0.635601
0.230384 0.03928 0.611344
0.231829 0.0541633 0.590105
0.256874 0.0528314 0.569536
0.257601 0.06702 0.5512
0.276765 0.065387 0.535639
0.277872 0.0774819 0.521476
0.296732 0.0767937 0.507256
0.297092 0.0883061 0.494079
0.314502 0.0882019 0.481377
0.314624 0.0991557 0.469744
0.329759 0.0987909 0.459123
0.329902 0.108968 0.449033
0.343669 0.1087 0.439623
0.343767 0.118323 0.430643
0.356072 0.118052 0.422274
0.356296 0.126986 0.414355
0.367873 0.126915 0.406667
0.368006 0.135523 0.399418
0.378868 0.135362 0.392494
0.378882 0.143727 0.38579
0.388738 0.143455 0.379513
0.388897 0.151292 0.373448
0.398452 0.151212 0.367563
0.398449 0.158936 0.361866
0.407107 0.158691 0.356485
0.407304 0.165896 0.351288
0.415974 0.165897 0.346181
0.415874 0.173197 0.341209
0.423282 0.172896 0.336537
0.423817 0.180231 0.332024
0.43059 0.179573 0.327632
0.43141 0.186723 0.323331
0.43811 0.186067 0.31917
0.438662 0.192936 0.315126
0.445201 0.192384 0.311188
0.445629 0.19919 0.307363
0.451851 0.198572 0.303601
0.452346 0.205117 0.29995
0.45841 0.204605 0.296383
0.45881 0.211078 0.29292
0.464343 0.210545 0.289498
0.465197 0.217217 0.28608
0.47033 0.216536 0.282735
0.471728 0.223797 0.279232
0.476818 0.2228 0.275795
0.478197 0.229877 0.272424
0.4832 0.228931 0.269154
0.484325 0.235589 0.266024
0.48915 0.234789 0.262973
0.490214 0.24134 0.259988
0.495011 0.240531 0.257043
0.495787 0.24646 0.254273
0.500257 0.245946 0.251602
0.501257 0.252253 0.248844
0.505414 0.251562 0.246122
0.507487 0.259434 0.242927
0.511622 0.258292 0.239714
0.515878 0.26931 0.235386
0.52033 0.267567 0.231092
0.527363 0.282543 0.225349
0.532516 0.280115 0.219738
0.534728 0.287829 0.216837
0.538763 0.286684 0.214022
0.540112 0.293097 0.211686
0.543788 0.292266 0.209312
0.54538 0.298929 0.206902
0.549108 0.298029 0.204522
0.550257 0.303963 0.202408
0.553758 0.30325 0.200287
0.555009 0.309335 0.198186
0.558569 0.30855 0.196051
0.55944 0.313908 0.19418
0.562733 0.313344 0.192308
0.563805 0.318997 0.190392
0.567203 0.31832 0.188469
0.567866 0.323103 0.186779
0.570909 0.322722 0.185153
0.571962 0.328188 0.183326
0.574965 0.327614 0.181537
0.576901 0.334511 0.1793
0.580293 0.333581 0.177152
0.581148 0.338664 0.175523
0.584037 0.338154 0.173893
0.585536 0.344291 0.171987
0.588731 0.343503 0.170104
0.589405 0.34804 0.168629
0.592342 0.347652 0.16722
0.592667 0.351594 0.165931
0.595371 0.351389 0.164672
0.595908 0.355719 0.163328
0.59879 0.355349 0.161994
0.598999 0.359092 0.16081
0.601633 0.358916 0.159624
0.602052 0.362925 0.158384
0.604789 0.362648 0.157166
0.604995 0.366299 0.156037
0.607586 0.366129 0.154908
0.607881 0.369843 0.153768
0.610488 0.369648 0.152649
0.610691 0.373212 0.151568
0.613241 0.37305 0.150491
0.613441 0.376575 0.149435
0.615972 0.376414 0.148382
0.616118 0.379659 0.147366
0.61848 0.379624 0.146395
0.61877 0.383169 0.145345
0.621292 0.382992 0.144327
0.621338 0.386072 0.143385
0.623634 0.386065 0.142466
0.623884 0.389562 0.141474
0.626172 0.389381 0.140482
0.626675 0.393346 0.13941
0.62915 0.393004 0.138328
0.629328 0.396308 0.137404
0.631535 0.396169 0.136478
0.631979 0.399922 0.135467
0.63436 0.399634 0.134465
0.634514 0.402883 0.133587
0.636708 0.402732 0.132691
0.637023 0.40624 0.131772
0.639321 0.405998 0.130837
0.639441 0.408947 0.130003
0.641667 0.40891 0.129202
0.641626 0.411544 0.128434
0.643683 0.411628 0.127691
0.643778 0.41454 0.126895
0.645794 0.414491 0.126117
0.646106 0.417858 0.125258
0.648333 0.417636 0.124398
0.64835 0.420397 0.123658
0.650505 0.420373 0.122922
0.650387 0.422968 0.122229
0.652471 0.422989 0.121521
0.652391 0.425533 0.120833
0.654427 0.425582 0.120146
0.654363 0.428092 0.119466
0.656373 0.428151 0.118795
0.656304 0.430643 0.118128
0.658308 0.430699 0.117467
0.658216 0.433188 0.116817
0.660232 0.433224 0.116162
0.660111 0.435481 0.115532
0.662229 0.435665 0.11492
0.661924 0.437668 0.114318
0.664085 0.438041 0.11372
0.66368 0.440103 0.113125
0.665677 0.440359 0.112538
0.665409 0.442532 0.111956
0.667239 0.442676 0.111371
0.667191 0.445036 0.110763
0.669115 0.445101 0.110168
0.668956 0.4473 0.109594
0.670793 0.447422 0.109023
0.670684 0.44979 0.108449
0.672469 0.449805 0.107857
0.672504 0.45227 0.107254
0.674305 0.452265 0.106664
0.674296 0.454742 0.106084
0.676131 0.454705 0.10549
0.676064 0.456987 0.104935
0.677783 0.457029 0.104381
0.677805 0.459444 0.10381
0.679589 0.45943 0.103244
0.679521 0.461678 0.102707
0.681225 0.461717 0.10217
0.68121 0.464121 0.101628
0.683012 0.46408 0.101069
0.682892 0.466121 0.100562
0.684626 0.466254 0.100065
0.684459 0.468185 0.0995751
0.686118 0.468366 0.0990942
0.685997 0.470378 0.0986024
0.687717 0.470507 0.0981196
0.687526 0.472429 0.0976469
0.689195 0.472588 0.0971767
0.689036 0.474474 0.0967075
0.690668 0.474653 0.0962476
0.690517 0.476647 0.0957824
0.692087 0.476738 0.0953149
0.692059 0.478832 0.0948287
0.69366 0.478894 0.0943594
0.69358 0.48101 0.0938933
0.695227 0.481034 0.0934186
0.695093 0.482975 0.0929716
0.696627 0.483073 0.0925263
0.696576 0.485139 0.0920665
0.698179 0.485183 0.0916117
0.69805 0.487094 0.0911769
0.699567 0.487193 0.0907446
0.699496 0.489245 0.0903027
0.701105 0.489272 0.0898562
0.700946 0.491059 0.0894402
0.702527 0.49122 0.0890303
0.702325 0.492835 0.0886285
0.703978 0.493131 0.0882315
0.703679 0.494613 0.0878366
0.705398 0.495046 0.0874358
0.705012 0.49658 0.0870391
0.706609 0.496901 0.0866519
0.706337 0.498348 0.0862699
0.708018 0.498791 0.0858779
0.707644 0.5003 0.085493
0.709223 0.50062 0.0851164
0.708943 0.502056 0.084744
0.710623 0.502483 0.0843651
0.71026 0.503854 0.0839871
0.711963 0.504372 0.0836001
0.711575 0.505752 0.0832233
0.713299 0.506246 0.0828473
0.712877 0.507644 0.0824698
0.714516 0.508076 0.082105
0.714156 0.509423 0.0817423
0.715845 0.509924 0.081374
0.715433 0.5113 0.081008
0.717056 0.511728 0.0806535
0.716688 0.513066 0.080299
0.718265 0.513518 0.0799444
0.71793 0.514826 0.0795993
0.719582 0.515328 0.0792443
0.719171 0.516682 0.0788926
0.720784 0.517094 0.0785548
0.72039 0.518429 0.0782101
0.721983 0.518847 0.0778753
0.721598 0.52017 0.0775363
0.723179 0.520589 0.0772054
0.722794 0.521904 0.0768708
0.724372 0.522318 0.0765451
0.72398 0.523632 0.0762136
0.725563 0.524036 0.0758941
0.725154 0.525354 0.0755646
0.726566 0.525698 0.0752503
0.726286 0.527027 0.0749408
0.727719 0.52735 0.074632
0.727408 0.528694 0.074325
0.728869 0.528991 0.0740222
0.72855 0.530229 0.0737159
0.730045 0.530666 0.0734046
0.729684 0.531927 0.0730969
0.731043 0.532283 0.0727963
0.730777 0.533576 0.0725022
0.732181 0.533895 0.0722086
0.731888 0.535098 0.0719159
0.733348 0.535539 0.0716142
0.732992 0.536777 0.0713181
0.734338 0.537125 0.0710288
0.734056 0.53841 0.0707447
0.735467 0.538707 0.0704637
0.73514 0.539915 0.0701776
0.736454 0.540273 0.0698939
0.736185 0.541536 0.069617
0.737576 0.541837 0.0693423
0.73725 0.543032 0.0690629
0.738558 0.543384 0.0687863
0.738278 0.544642 0.0685155
0.739491 0.544891 0.0682475
0.739291 0.54625 0.0679783
0.740476 0.546415 0.0677098
0.740316 0.547899 0.0674385
0.74139 0.547977 0.0671622
0.741497 0.549944 0.0668253
0.74261 0.549893 0.0664981
0.743007 0.552572 0.066072
0.744345 0.552366 0.0656428
0.7444 0.554181 0.0653314
0.745603 0.554159 0.0650294
0.745529 0.555644 0.0647585
0.746577 0.555721 0.0644974
0.746643 0.557508 0.0641899
0.747824 0.557493 0.063898
0.747747 0.558964 0.0636343
0.74879 0.559038 0.0633783
0.748836 0.560817 0.0630837
0.750027 0.560789 0.0627934
0.749919 0.562263 0.0625417
0.750983 0.562316 0.0622849
0.75098 0.564014 0.0620112
0.752149 0.563994 0.0617308
0.752047 0.565355 0.0614854
0.753225 0.565476 0.0612484
0.753012 0.566607 0.0610207
0.754122 0.566861 0.0607942
0.753903 0.568138 0.060569
0.755061 0.568265 0.060338
0.754852 0.569383 0.0601152
0.755952 0.569636 0.0598935
0.755757 0.57074 0.0596731
0.756841 0.570999 0.0594537
0.756628 0.572256 0.0592354
0.757771 0.572381 0.0590118
0.757554 0.57349 0.0587959
0.758654 0.57373 0.0585812
0.758439 0.574833 0.0583676
0.759535 0.575072 0.058155
0.759317 0.576173 0.0579437
0.760414 0.576408 0.0577333
0.760188 0.577508 0.0575242
0.76129 0.577736 0.0573161
0.761052 0.578839 0.0571092
0.762163 0.579057 0.0569033
0.76191 0.580166 0.0566986
0.76293 0.580353 0.0564945
0.762765 0.581541 0.0562879
0.76384 0.581688 0.0560825
0.763639 0.582753 0.0558817
0.764706 0.58299 0.055682
0.764478 0.584068 0.0554835
0.76557 0.584285 0.055286
0.765334 0.585278 0.0550892
0.766477 0.585596 0.0548906
0.766168 0.586633 0.0546919
0.767228 0.586863 0.0544983
0.766988 0.587936 0.0543059
0.767984 0.588119 0.0541138
0.767803 0.589286 0.053921
0.7687 0.589394 0.0537265
0.768698 0.590933 0.0535007
0.769649 0.590919 0.0532692
0.769754 0.592685 0.0530161
0.770779 0.592619 0.0527617
0.770787 0.594134 0.0525385
0.771721 0.594126 0.0523151
0.771819 0.595874 0.0520693
0.77284 0.595806 0.0518193
0.772831 0.597316 0.051606
0.773773 0.597296 0.0513827
0.773834 0.598966 0.051153
0.774833 0.598907 0.050913
0.774824 0.600399 0.0507047
0.775757 0.60038 0.0504862
0.775801 0.601911 0.0502653
0.776728 0.601893 0.05005
0.776768 0.603418 0.0498326
0.777695 0.603398 0.0496186
0.777726 0.604921 0.0494063
0.778657 0.604895 0.049192
0.778672 0.60634 0.0489862
0.779566 0.606336 0.0487837
0.77961 0.607833 0.0485721
0.78052 0.607816 0.0483661
0.780536 0.609244 0.0481642
0.781422 0.609241 0.0479665
0.781455 0.610728 0.047762
0.782368 0.610706 0.0475579
0.782364 0.612131 0.0473656
0.783261 0.612116 0.0471668
0.783263 0.613529 0.0469749
0.784151 0.613518 0.0467797
0.784154 0.614924 0.0465896
0.785037 0.614913 0.0463967
0.785036 0.616314 0.0462097
0.78592 0.616301 0.0460177
0.78591 0.617577 0.0458351
0.78672 0.617608 0.0456627
0.786784 0.619153 0.0454626
0.787718 0.619103 0.0452587
0.787653 0.620278 0.0450927
0.788538 0.620333 0.0449292
0.788408 0.621347 0.0447771
0.789203 0.621457 0.0446271
0.789138 0.622621 0.0444642
0.790018 0.622675 0.0443037
0.789881 0.623685 0.044155
0.790678 0.623789 0.0440069
0.7906 0.624952 0.0438494
0.791379 0.624991 0.0436892
0.791426 0.626383 0.0435032
0.792281 0.626372 0.043326
0.792242 0.627618 0.0431635
0.793058 0.62763 0.0429969
0.793048 0.62897 0.0428291
0.793907 0.628952 0.0426528
0.793856 0.630077 0.0424971
0.794704 0.630136 0.0423475
0.794564 0.631122 0.0422083
0.795351 0.631218 0.0420675
0.795253 0.63229 0.0419232
0.79609 0.632353 0.0417771
0.795951 0.63333 0.0416403
0.796733 0.633425 0.041502
0.79663 0.634492 0.0413611
0.797467 0.63455 0.0412167
0.797319 0.635525 0.0410835
0.798106 0.635613 0.0409462
0.798 0.636558 0.04081
0.798744 0.636671 0.0406786
0.798667 0.637709 0.0405377
0.799471 0.637782 0.0404002
0.79934 0.638735 0.0402689
0.800105 0.638831 0.0401368
0.799995 0.639881 0.0400034
0.800726 0.639925 0.0398632
0.800737 0.641191 0.0397056
0.801544 0.641187 0.0395502
0.801479 0.642269 0.0394116
0.802212 0.642309 0.0392727
0.802209 0.643572 0.0391216
0.803024 0.643558 0.0389657
0.802945 0.644571 0.0388329
0.803736 0.644639 0.0387024
0.803589 0.645579 0.0385803
0.804358 0.64566 0.0384532
0.804229 0.646585 0.0383303
0.804978 0.646676 0.0382061
0.804864 0.647588 0.0380829
0.805596 0.647688 0.0379612
0.805494 0.648589 0.0378378
0.806213 0.648695 0.0377183
0.806109 0.649704 0.037595
0.806818 0.649747 0.0374653
0.806802 0.650873 0.0373259
0.807541 0.650895 0.037191
0.807493 0.651928 0.0370603
0.80819 0.651975 0.0369342
0.808176 0.653089 0.0367968
0.808908 0.653113 0.0366648
0.808857 0.654138 0.0365369
0.809552 0.654183 0.0364124
0.809529 0.655294 0.0362794
0.810265 0.655311 0.0361478
0.8102 0.656337 0.0360248
0.810905 0.656372 0.0358998
0.810865 0.657377 0.0357736
0.811543 0.657427 0.035654
0.811523 0.658522 0.035524
0.812249 0.658541 0.0353962
0.812183 0.659489 0.0352775
0.812838 0.65955 0.0351631
0.812832 0.660731 0.035032
0.813606 0.660717 0.0348959
0.813501 0.661577 0.034786
0.8142 0.661672 0.0346778
0.814077 0.662541 0.0345706
0.814793 0.662623 0.0344615
0.814667 0.663387 0.034357
0.815419 0.663549 0.0342549
0.815216 0.664294 0.0341532
0.815976 0.664449 0.0340519
0.815797 0.665074 0.0339511
0.816667 0.665428 0.0338412
0.816408 0.666037 0.0337295
0.817286 0.666445 0.0336127
0.817028 0.667052 0.0335021
0.817904 0.667458 0.0333865
0.817644 0.668064 0.0332765
0.81852 0.668466 0.0331626
0.818257 0.669072 0.0330528
0.819135 0.66947 0.032941
0.818866 0.670077 0.032831
0.81975 0.670468 0.0327216
0.819472 0.671079 0.0326111
0.820304 0.671437 0.0325043
0.820063 0.672023 0.0324004
0.821007 0.67247 0.0322888
0.820683 0.673105 0.0321719
0.821456 0.673393 0.032073
0.821223 0.674032 0.0319753
0.82193 0.674259 0.0318806
0.821759 0.674858 0.0317882
0.822604 0.675196 0.0316888
0.822338 0.675791 0.031584
0.823153 0.676143 0.0314816
0.822913 0.676721 0.0313815
0.823759 0.677112 0.0312761
0.823496 0.677701 0.0311734
0.824307 0.67805 0.0310729
0.824065 0.678625 0.0309741
0.82491 0.67901 0.0308715
0.824642 0.679599 0.0307694
0.825455 0.679941 0.0306719
0.825205 0.680517 0.0305733
0.826 0.680867 0.0304745
0.825764 0.681432 0.0303788
0.826599 0.681814 0.0302787
0.826332 0.682397 0.0301789
0.827142 0.682733 0.0300847
0.826885 0.683307 0.0299874
0.827683 0.683647 0.0298927
0.827436 0.684214 0.0297974
0.828224 0.684557 0.0297025
0.827984 0.685118 0.0296089
0.828763 0.685463 0.029514
0.828529 0.686019 0.0294218
0.829302 0.686365 0.0293273
0.829071 0.686918 0.0292362
0.829894 0.687289 0.0291422
0.82962 0.687865 0.0290456
0.830337 0.688146 0.028958
0.830115 0.688747 0.0288726
0.830796 0.688955 0.0287905
0.830607 0.689535 0.0287079
0.831256 0.68976 0.0286249
0.831096 0.690321 0.0285446
0.831809 0.690598 0.0284593
0.831583 0.691196 0.0283755
0.832265 0.691398 0.0282955
0.832068 0.691977 0.0282142
0.832721 0.692194 0.0281335
0.832549 0.692757 0.0280543
0.833271 0.693022 0.0279725
0.833058 0.693551 0.0278885
0.833854 0.693917 0.0277993
0.833587 0.694477 0.0277086
0.834291 0.694748 0.0276269
0.83409 0.695267 0.0275455
0.834871 0.695636 0.0274563
0.834613 0.696187 0.0273682
0.835308 0.696459 0.0272872
0.835111 0.696973 0.0272076
0.835884 0.697341 0.0271194
0.835629 0.697887 0.0270329
0.836319 0.698157 0.0269533
0.836122 0.698668 0.0268746
0.836894 0.699031 0.0267885
0.836635 0.699577 0.0267026
0.837327 0.699842 0.026625
0.837123 0.700354 0.0265467
0.837848 0.700685 0.0264635
0.837621 0.701208 0.0263829
0.838369 0.701523 0.0263039
0.838116 0.702061 0.0262206
0.838801 0.702324 0.0261447
0.838597 0.702831 0.026068
0.839318 0.703156 0.0259873
0.839088 0.703678 0.0259079
0.83975 0.70395 0.0258315
0.839564 0.704444 0.0257578
0.840315 0.7048 0.025676
0.840059 0.705334 0.0255944
0.840743 0.705588 0.0255218
0.840531 0.706094 0.0254462
0.841258 0.706407 0.0253701
0.841012 0.706932 0.0252908
0.841685 0.707188 0.0252187
0.841479 0.707688 0.0251448
0.842197 0.708001 0.0250694
0.841955 0.708521 0.0249917
0.842623 0.708776 0.0249206
0.842418 0.709273 0.0248477
0.843133 0.709583 0.0247738
0.842889 0.710101 0.0246968
0.843558 0.710352 0.0246273
0.843348 0.710849 0.0245549
0.843983 0.711117 0.0244829
0.843803 0.711595 0.0244142
0.844489 0.711916 0.0243389
0.844269 0.712416 0.0242662
0.844912 0.712675 0.0241965
0.84472 0.713157 0.0241274
0.845416 0.713467 0.0240553
0.845181 0.713974 0.0239818
0.845837 0.714221 0.0239148
0.845628 0.714711 0.0238448
0.846259 0.714972 0.023776
0.846073 0.715446 0.023709
0.84676 0.715755 0.023638
0.846527 0.716256 0.0235663
0.847178 0.716501 0.023501
0.846969 0.716987 0.0234323
0.847597 0.717243 0.0233654
0.847407 0.717716 0.0232992
0.848096 0.718017 0.023231
0.847855 0.718519 0.0231597
0.848426 0.718723 0.0230964
0.848263 0.719228 0.0230345
0.84885 0.719423 0.0229726
0.848669 0.719937 0.0229103
0.849217 0.720102 0.0228494
0.849077 0.720591 0.0227893
0.849638 0.720797 0.022727
0.84948 0.721295 0.0226665
0.850059 0.721489 0.0226057
0.849881 0.721998 0.0225447
0.850424 0.722162 0.0224851
0.850284 0.722647 0.0224262
0.850843 0.72285 0.0223653
0.850682 0.723346 0.0223058
0.851261 0.723535 0.0222466
0.851077 0.724043 0.0221865
0.851624 0.724201 0.0221283
0.851475 0.724687 0.0220701
0.85204 0.724882 0.022011
0.851867 0.725381 0.0219522
0.852402 0.725543 0.0218945
0.852262 0.726022 0.0218374
0.852816 0.72622 0.0217787
0.85265 0.726712 0.021721
0.853177 0.726877 0.021664
0.853041 0.72735 0.0216077
0.853589 0.727549 0.0215496
0.853427 0.728036 0.0214927
0.853948 0.728201 0.0214365
0.853814 0.728671 0.021381
0.854359 0.728869 0.0213237
0.854197 0.729354 0.0212675
0.854717 0.729517 0.021212
0.854581 0.729986 0.0211571
0.855126 0.730181 0.0211008
0.85496 0.730665 0.0210451
0.855482 0.730825 0.0209905
0.855341 0.731294 0.0209361
0.85589 0.731484 0.0208809
0.855716 0.73197 0.0208257
0.856244 0.732124 0.0207719
0.856095 0.732595 0.020718
0.856599 0.732761 0.020664
0.856471 0.733219 0.0206111
0.857003 0.733414 0.0205564
0.856841 0.73389 0.0205026
0.857356 0.734048 0.0204497
0.857215 0.734511 0.020397
0.85776 0.734696 0.0203438
0.857604 0.73512 0.02029
0.858231 0.735406 0.0202319
0.858004 0.73587 0.0201719
0.858549 0.736052 0.0201196
0.85839 0.736475 0.0200662
0.858947 0.736724 0.0200095
0.858778 0.737152 0.0199557
0.859344 0.737394 0.0199004
0.859165 0.737826 0.019846
0.85974 0.738061 0.0197921
0.859549 0.738499 0.019737
0.86006 0.738696 0.0196846
0.859908 0.739156 0.0196339
0.860407 0.739313 0.0195837
0.860268 0.739764 0.0195338
0.860754 0.739927 0.0194836
0.860627 0.740371 0.0194343
0.861149 0.740557 0.0193838
0.861001 0.740966 0.0193335
0.861611 0.741246 0.0192787
0.861386 0.741699 0.019222
0.861874 0.741856 0.019173
0.861741 0.742301 0.0191244
0.862267 0.74248 0.0190754
0.86211 0.742891 0.0190253
0.862657 0.74313 0.0189729
0.862483 0.74355 0.0189216
0.863047 0.743777 0.0188713
0.862853 0.744208 0.0188187
0.863361 0.744394 0.0187699
0.863197 0.74485 0.0187217
0.863702 0.744993 0.0186749
0.863544 0.745444 0.0186271
0.864042 0.745589 0.0185804
0.86389 0.746037 0.0185332
0.864382 0.746184 0.0184867
0.864234 0.746629 0.0184398
0.864721 0.746778 0.0183935
0.864577 0.747219 0.018347
0.865059 0.747369 0.0183009
0.864918 0.747807 0.0182548
0.865397 0.747958 0.0182089
0.865258 0.748395 0.0181631
0.865734 0.748546 0.0181175
0.865596 0.74898 0.018072
0.86607 0.749132 0.0180266
0.865934 0.749565 0.0179814
0.866406 0.749716 0.0179363
0.866269 0.750148 0.0178914
0.866741 0.750298 0.0178466
0.866604 0.750729 0.017802
0.867076 0.750879 0.0177575
0.866937 0.75131 0.0177131
0.867409 0.751458 0.0176689
0.867269 0.751888 0.0176247
0.867743 0.752035 0.0175809
0.867599 0.752466 0.0175369
0.868075 0.75261 0.0174934
0.867928 0.753042 0.0174496
0.868407 0.753183 0.0174065
0.868256 0.753617 0.0173628
0.868738 0.753755 0.0173202
0.868602 0.754137 0.0172766
0.869114 0.754367 0.0172295
0.868948 0.754765 0.017184
0.869419 0.754949 0.0171398
0.869268 0.75538 0.0170969
0.869749 0.755515 0.0170552
0.86961 0.755896 0.0170122
0.870122 0.756122 0.0169664
0.869952 0.75652 0.0169213
0.870426 0.756699 0.0168783
0.870287 0.757077 0.0168358
0.870798 0.757301 0.0167907
0.870626 0.757698 0.0167461
0.871101 0.757874 0.0167038
0.870959 0.758252 0.0166616
0.871471 0.758473 0.0166175
0.871295 0.75887 0.0165731
0.871772 0.759042 0.0165316
0.871626 0.759422 0.0164895
0.872142 0.759637 0.0164466
0.871959 0.760036 0.0164022
0.872397 0.760187 0.0163616
0.872271 0.760594 0.0163216
0.87272 0.760738 0.0162816
0.872582 0.761151 0.0162415
0.873043 0.761287 0.0162021
0.87291 0.761655 0.0161619
0.873409 0.761875 0.016119
0.873238 0.762263 0.0160765
0.873707 0.762434 0.0160364
0.873561 0.762807 0.0159959
0.874072 0.763017 0.0159548
0.873886 0.763413 0.0159116
0.874324 0.763558 0.0158727
0.874191 0.763963 0.015834
0.874643 0.764098 0.0157957
0.874513 0.764461 0.0157568
0.875005 0.764677 0.0157152
0.874835 0.765062 0.0156738
0.875258 0.765212 0.0156353
0.875136 0.765607 0.0155975
0.875575 0.765748 0.0155597
0.875436 0.766152 0.0155217
0.875816 0.76626 0.0154846
0.875726 0.76674 0.0154464
0.876115 0.766803 0.0154075
0.876043 0.767271 0.0153685
0.876414 0.767344 0.0153309
0.87635 0.76787 0.0152907
0.876762 0.767918 0.0152506
0.876674 0.768353 0.0152134
0.877074 0.768447 0.0151767
0.876967 0.768892 0.0151403
0.877335 0.768964 0.0151034
0.87727 0.769486 0.015064
0.877681 0.769533 0.0150245
0.877591 0.769966 0.014988
0.877991 0.770057 0.014952
0.877879 0.770502 0.0149164
0.878249 0.77057 0.0148798
0.878178 0.771092 0.0148417
0.878594 0.771134 0.0148024
0.878496 0.771568 0.0147668
0.878902 0.771654 0.0147312
0.878801 0.772026 0.0146963
0.87921 0.772171 0.0146607
0.879087 0.772555 0.0146256
0.879519 0.772686 0.0145909
0.87939 0.773035 0.0145553
0.879871 0.773238 0.0145184
0.879693 0.773613 0.0144799
0.880115 0.773748 0.0144454
0.879993 0.774091 0.0144105
0.880464 0.774297 0.0143736
0.880293 0.774666 0.014336
0.880708 0.774803 0.0143017
0.880574 0.775189 0.0142675
0.880942 0.775291 0.0142338
0.880853 0.775712 0.0141997
0.881245 0.775798 0.0141658
0.881148 0.776161 0.0141326
0.881548 0.776304 0.0140986
0.881426 0.77668 0.0140651
0.881852 0.776808 0.0140321
0.881721 0.777151 0.0139979
0.882137 0.77732 0.0139631
0.882012 0.777659 0.0139294
0.882421 0.777831 0.0138946
0.882301 0.778166 0.0138613
0.882765 0.778367 0.0138262
0.882593 0.778731 0.0137901
0.883005 0.778862 0.0137576
0.882882 0.779198 0.0137246
0.883348 0.779395 0.0136903
0.883172 0.77976 0.0136543
0.883587 0.779887 0.0136224
0.883459 0.780224 0.0135894
0.883868 0.780391 0.0135558
0.883744 0.780725 0.0135232
0.884149 0.780893 0.0134898
0.884027 0.781225 0.0134575
0.884429 0.781394 0.0134241
0.88431 0.781723 0.0133921
0.884768 0.781918 0.0133587
0.884594 0.782278 0.0133238
0.885005 0.782403 0.0132928
0.884876 0.782737 0.0132607
0.885284 0.7829 0.0132283
0.885156 0.783232 0.0131964
0.885562 0.783395 0.0131642
0.885435 0.783726 0.0131325
0.885839 0.783888 0.0131004
0.885712 0.784219 0.0130689
0.886116 0.78438 0.0130371
0.885989 0.78471 0.0130057
0.886393 0.784871 0.0129741
0.886264 0.7852 0.0129428
0.886669 0.78536 0.0129115
0.886539 0.78569 0.0128803
0.886944 0.785847 0.0128493
0.886812 0.786178 0.0128181
0.887219 0.786334 0.0127874
0.887085 0.786665 0.0127563
0.887494 0.786819 0.012726
0.887356 0.78715 0.0126949
0.88773 0.787288 0.0126648
0.887613 0.787643 0.0126354
0.887953 0.787741 0.0126063
0.887866 0.788136 0.0125769
0.888195 0.788204 0.0125474
0.888135 0.788618 0.0125166
0.888466 0.788684 0.0124871
0.888402 0.7891 0.0124567
0.888737 0.789163 0.0124271
0.888668 0.78958 0.0123971
0.889008 0.789641 0.0123675
0.888933 0.79006 0.0123379
0.889277 0.790117 0.0123082
0.889197 0.790538 0.0122791
0.889547 0.790591 0.0122492
0.889467 0.790976 0.0122205
0.88983 0.791057 0.0121923
0.889731 0.791395 0.0121643
0.890115 0.791519 0.0121364
0.889995 0.791834 0.0121077
0.890384 0.791989 0.0120787
0.890256 0.792308 0.0120498
0.890652 0.792458 0.0120215
0.890517 0.79278 0.0119923
0.890883 0.792912 0.0119644
0.890777 0.793217 0.0119368
0.89115 0.793378 0.0119077
0.891036 0.793687 0.0118798
0.891417 0.793843 0.0118513
0.891294 0.794156 0.0118232
0.891683 0.794306 0.0117954
0.891551 0.794624 0.0117669
0.891912 0.794755 0.0117396
0.891807 0.795057 0.0117126
0.892177 0.795216 0.0116842
0.892063 0.795523 0.0116569
0.892442 0.795675 0.0116291
0.892317 0.795987 0.0116015
0.89267 0.79612 0.0115745
0.892557 0.796459 0.011548
0.892886 0.79655 0.0115218
0.892792 0.796931 0.0114957
0.893117 0.79699 0.0114686
0.893042 0.797394 0.0114418
0.893378 0.797446 0.0114143
0.893298 0.797818 0.011388
0.893609 0.797883 0.0113618
0.893546 0.798278 0.0113346
0.893868 0.798337 0.011308
0.893793 0.798738 0.0112816
0.894127 0.798789 0.0112546
0.894046 0.799159 0.0112288
0.894357 0.799223 0.0112029
0.894291 0.799616 0.0111763
0.894615 0.799673 0.01115
0.894542 0.800036 0.0111242
0.894844 0.800104 0.0110989
0.894786 0.800491 0.0110722
0.8951 0.800552 0.0110465
0.895028 0.800946 0.0110207
0.895356 0.800998 0.0109945
0.895277 0.801363 0.0109694
0.895583 0.801426 0.0109442
0.895518 0.801815 0.0109184
0.895839 0.80187 0.0108927
0.895765 0.80223 0.0108677
0.896065 0.802296 0.010843
0.896004 0.80268 0.0108172
0.896319 0.802738 0.010792
0.896249 0.803094 0.0107671
0.896544 0.803161 0.0107428
0.896486 0.803542 0.0107172
0.896797 0.803601 0.0106924
0.896729 0.803954 0.0106677
0.897062 0.804031 0.0106437
0.896967 0.804347 0.0106199
0.897272 0.80444 0.0105962
0.897189 0.8048 0.0105723
0.897495 0.804859 0.010548
0.897423 0.805244 0.0105236
0.897746 0.805294 0.0104987
0.897663 0.805652 0.010475
0.897968 0.805711 0.0104509
0.897902 0.806059 0.0104269
0.898231 0.806136 0.0104035
0.898136 0.806448 0.0103803
0.898438 0.806539 0.0103573
0.898353 0.806896 0.0103341
0.898659 0.806953 0.0103103
0.89859 0.807301 0.0102867
0.898879 0.807366 0.0102636
0.898819 0.807739 0.0102395
0.899127 0.807794 0.0102157
0.899054 0.808142 0.0101926
0.899347 0.808205 0.0101695
0.899281 0.808579 0.0101459
0.899593 0.80863 0.0101222
0.899514 0.80898 0.0100995
0.899812 0.809039 0.0100764
0.899747 0.80938 0.0100534
0.900031 0.809446 0.010031
0.899972 0.809814 0.0100074
0.900276 0.809868 0.00998436
0.900203 0.810213 0.00996183
0.900493 0.810274 0.00993934
0.900426 0.810645 0.00991648
0.900737 0.810694 0.00989327
0.900655 0.811041 0.00987127
0.900954 0.811097 0.00984868
0.900884 0.811437 0.00982642
0.90117 0.811499 0.00980437
0.901105 0.811867 0.00978179
0.901413 0.811916 0.009759
0.901332 0.812261 0.00973734
0.901628 0.812316 0.0097151
0.901558 0.812654 0.00969321
0.901843 0.812715 0.00967148
0.901776 0.813081 0.00964933
0.902084 0.813129 0.00962682
0.902001 0.813472 0.00960558
0.902297 0.813526 0.0095836
0.902225 0.813863 0.00956215
0.902511 0.813922 0.00954064
0.902447 0.814253 0.00951902
0.902724 0.814316 0.00949792
0.902663 0.814676 0.00947599
0.902963 0.814726 0.00945414
0.902885 0.815064 0.00943323
0.903175 0.815119 0.00941182
0.903105 0.815451 0.00939075
0.903387 0.815511 0.00936974
0.903325 0.815838 0.00934854
0.903599 0.815902 0.0093279
0.903538 0.816257 0.00930642
0.903835 0.816307 0.00928501
0.903757 0.816642 0.00926458
0.904046 0.816696 0.00924355
0.903974 0.817026 0.00922299
0.904256 0.817084 0.00920232
0.904191 0.81741 0.00918166
0.904466 0.817471 0.00916132
0.904401 0.817826 0.00914053
0.904701 0.817872 0.00911936
0.90463 0.818152 0.00909954
0.90495 0.818264 0.00907951
0.904844 0.818533 0.00905903
0.905158 0.818648 0.00903893
0.905057 0.818914 0.00901875
0.905365 0.819032 0.00899858
0.905269 0.819294 0.00897867
0.905572 0.819414 0.00895846
0.905481 0.819673 0.0089388
0.905808 0.819808 0.00891847
0.905691 0.820081 0.00889798
0.906014 0.820188 0.0088787
0.905902 0.820458 0.00885849
0.90622 0.820568 0.00883917
0.906111 0.820835 0.0088192
0.906425 0.820946 0.00879985
0.90632 0.821211 0.00878012
0.906629 0.821324 0.00876075
0.906529 0.821586 0.00874123
0.906834 0.8217 0.00872187
0.906736 0.82196 0.00870255
0.907038 0.822076 0.0086832
0.906943 0.822333 0.00866406
0.907242 0.82245 0.00864473
0.90715 0.822706 0.00862577
0.907445 0.822824 0.00860647
0.907355 0.823078 0.00858768
0.907678 0.823208 0.00856838
0.90756 0.823478 0.00854871
0.907828 0.823563 0.00853029
0.907748 0.823885 0.0085119
0.90803 0.823934 0.00849266
0.907952 0.824254 0.00847431
0.908232 0.824304 0.00845521
0.908156 0.824623 0.00843692
0.908434 0.824672 0.00841796
0.908359 0.82499 0.00839972
0.908635 0.82504 0.00838089
0.908561 0.825357 0.00836272
0.908836 0.825407 0.008344
0.908762 0.825723 0.00832592
0.909037 0.825773 0.00830731
0.908963 0.826088 0.00828931
0.909237 0.826139 0.00827079
0.909163 0.826453 0.00825289
0.909436 0.826503 0.00823446
0.909363 0.826816 0.00821666
0.909636 0.826866 0.00819831
0.909562 0.827179 0.00818062
0.909835 0.827229 0.00816234
0.90976 0.827541 0.00814477
0.910033 0.82759 0.00812655
0.909957 0.827903 0.00810911
0.910231 0.827951 0.00809094
0.910154 0.828263 0.00807363
0.910429 0.828311 0.00805551
0.910364 0.828572 0.00803831
0.910665 0.828676 0.00802106
0.910559 0.828931 0.00800315
0.910862 0.829034 0.00798605
0.910755 0.829289 0.00796816
0.911009 0.829374 0.00795117
0.910934 0.829682 0.00793416
0.911205 0.82973 0.00791643
0.91114 0.829988 0.00789958
0.911439 0.830092 0.00788266
0.911334 0.830344 0.0078651
0.911585 0.830429 0.00784837
0.911512 0.830735 0.00783157
0.91178 0.830783 0.00781414
0.911716 0.831039 0.00779753
0.912013 0.831142 0.00778087
0.911908 0.831393 0.00776356
0.912158 0.831477 0.00774707
0.912084 0.831781 0.00773056
0.912352 0.831828 0.00771335
0.912287 0.832083 0.00769698
0.912583 0.832184 0.00768063
0.912477 0.832435 0.00766351
0.912727 0.832517 0.00764726
0.912664 0.83277 0.00763106
0.912958 0.832871 0.00761485
0.912852 0.833121 0.00759791
0.913102 0.833202 0.00758182
0.913038 0.833455 0.00756577
0.913331 0.833555 0.00754973
0.913226 0.833804 0.00753294
0.913474 0.833885 0.00751701
0.91341 0.834137 0.00750111
0.913655 0.834219 0.00748526
0.913582 0.834518 0.0074694
0.913846 0.834564 0.00745283
0.91378 0.834815 0.00743708
0.914025 0.834897 0.00742138
0.913963 0.835146 0.00740572
0.914252 0.835246 0.00739007
0.914148 0.835491 0.00737368
0.914394 0.835571 0.00735813
0.914329 0.835821 0.00734261
0.914573 0.835902 0.00732713
0.91451 0.83615 0.0073117
0.914751 0.836232 0.00729629
0.914679 0.836527 0.0072809
0.91494 0.836571 0.00726479
0.914874 0.83682 0.0072495
0.915117 0.8369 0.00723424
0.915053 0.837147 0.00721902
0.915295 0.837227 0.00720384
0.915232 0.837473 0.00718869
0.915472 0.837554 0.00717358
0.915411 0.837798 0.00715851
0.915695 0.837896 0.00714346
0.915592 0.838138 0.00712768
0.915835 0.838216 0.00711272
0.915769 0.838462 0.00709779
0.916011 0.83854 0.00708289
0.915946 0.838785 0.00706803
0.916187 0.838864 0.00705321
0.916122 0.839108 0.00703842
0.916362 0.839187 0.00702367
0.916298 0.83943 0.00700895
0.916537 0.839509 0.00699427
0.916474 0.839752 0.00697962
0.916711 0.83983 0.006965
0.916649 0.840073 0.00695043
0.916886 0.840151 0.00693588
0.916823 0.840393 0.00692137
0.917059 0.840471 0.00690689
0.916997 0.840712 0.00689245
0.917233 0.84079 0.00687805
0.91717 0.841031 0.00686367
0.917406 0.841109 0.00684933
0.917343 0.841349 0.00683503
0.917579 0.841427 0.00682075
0.917515 0.841667 0.00680652
0.917752 0.841744 0.00679231
0.917687 0.841984 0.00677814
0.917924 0.84206 0.00676401
0.917859 0.8423 0.0067499
0.918096 0.842375 0.00673583
0.91803 0.842616 0.0067218
0.918268 0.84269 0.00670779
0.9182 0.84293 0.00669382
0.918439 0.843004 0.00667989
0.91837 0.843245 0.00666598
0.91861 0.843317 0.00665211
0.918539 0.843558 0.00663828
0.918781 0.84363 0.00662447
0.918708 0.843872 0.0066107
0.918951 0.843942 0.00659697
0.918877 0.844184 0.00658326
0.919121 0.844253 0.00656959
0.919044 0.844496 0.00655596
0.919291 0.844563 0.00654235
0.919212 0.844807 0.00652878
0.919449 0.844876 0.00651455
0.919385 0.845101 0.00650156
0.919603 0.845181 0.00648758
0.919558 0.845396 0.00647456
0.919759 0.845486 0.00646075
0.919729 0.845694 0.00644773
0.919915 0.845791 0.00643408
0.9199 0.845991 0.00642106
0.920073 0.846096 0.00640753
0.92007 0.84629 0.00639453
0.92023 0.846401 0.00638111
0.920239 0.846588 0.00636813
0.920389 0.846705 0.00635482
0.920408 0.846887 0.00634186
0.920547 0.847008 0.00632864
0.920576 0.847186 0.00631571
0.920706 0.847312 0.00630258
0.920743 0.847485 0.00628967
0.920865 0.847615 0.00627662
0.92091 0.847783 0.00626375
0.921024 0.847917 0.00625078
0.921076 0.848082 0.00623794
0.921184 0.848218 0.00622504
0.921241 0.84838 0.00621225
0.921344 0.848519 0.00619941
0.921406 0.848679 0.00618666
0.921503 0.84882 0.00617389
0.92157 0.848977 0.00616118
0.921663 0.849119 0.00614847
0.921733 0.849274 0.00613581
0.921823 0.849418 0.00612315
0.921895 0.849572 0.00611054
0.921983 0.849716 0.00609795
0.922057 0.849868 0.00608539
0.922143 0.850014 0.00607284
0.922219 0.850165 0.00606033
0.922303 0.850311 0.00604785
0.922379 0.850461 0.00603539
0.922462 0.850607 0.00602295
0.92254 0.850756 0.00601054
0.922622 0.850903 0.00599816
0.9227 0.851051 0.0059858
0.922781 0.851198 0.00597347
0.922859 0.851346 0.00596117
0.92294 0.851492 0.00594889
0.923018 0.85164 0.00593664
0.923098 0.851786 0.00592441
0.923177 0.851933 0.00591221
0.923256 0.852079 0.00590003
0.923335 0.852226 0.00588788
0.923414 0.852372 0.00587575
0.923493 0.852518 0.00586365
0.923572 0.852664 0.00585157
0.923651 0.85281 0.00583952
0.923729 0.852955 0.0058275
0.923808 0.853101 0.0058155
0.923886 0.853246 0.00580352
0.923965 0.853391 0.00579157
0.924043 0.853536 0.00577965
0.924121 0.853681 0.00576775
0.9242 0.853826 0.00575587
0.924278 0.853971 0.00574402
0.924356 0.854115 0.00573219
0.924433 0.85426 0.00572039
0.924511 0.854404 0.00570862
0.924589 0.854548 0.00569686
0.924667 0.854692 0.00568513
0.924744 0.854836 0.00567343
0.924822 0.854979 0.00566175
0.924899 0.855123 0.0056501
0.924977 0.855266 0.00563847
0.925054 0.855409 0.00562686
0.925131 0.855553 0.00561528
0.925208 0.855696 0.00560372
0.925285 0.855838 0.00559218
0.925362 0.855981 0.00558067
0.925439 0.856124 0.00556919
0.925516 0.856266 0.00555772
0.925592 0.856408 0.00554629
0.925669 0.856551 0.00553487
0.925745 0.856693 0.00552348
0.925822 0.856834 0.00551211
0.925898 0.856976 0.00550077
0.925974 0.857118 0.00548945
0.926051 0.857259 0.00547815
0.926127 0.857401 0.00546688
0.926203 0.857542 0.00545563
0.926279 0.857683 0.0054444
0.926355 0.857824 0.0054332
0.92643 0.857964 0.00542202
0.926506 0.858105 0.00541086
0.926582 0.858246 0.00539973
0.926657 0.858386 0.00538862
0.926733 0.858526 0.00537753
0.926808 0.858666 0.00536647
0.926884 0.858806 0.00535543
0.926959 0.858946 0.00534441
0.927034 0.859086 0.00533341
0.927109 0.859225 0.00532244
0.927184 0.859365 0.00531149
0.927259 0.859504 0.00530056
0.927334 0.859643 0.00528966
0.927409 0.859782 0.00527878
0.927483 0.859921 0.00526792
0.927558 0.86006 0.00525708
0.927633 0.860198 0.00524627
0.927707 0.860337 0.00523548
0.927781 0.860475 0.00522471
0.927856 0.860614 0.00521396
0.92793 0.860752 0.00520323
0.928004 0.86089 0.00519253
0.928078 0.861027 0.00518185
0.928152 0.861165 0.00517119
0.928226 0.861303 0.00516056
0.9283 0.86144 0.00514994
0.928374 0.861577 0.00513935
0.928447 0.861714 0.00512878
0.928521 0.861851 0.00511823
0.928595 0.861988 0.00510771
0.928668 0.862125 0.0050972
0.928741 0.862262 0.00508672
0.928815 0.862398 0.00507626
0.928888 0.862535 0.00506582
0.928961 0.862671 0.0050554
0.929034 0.862807 0.00504501
0.929107 0.862943 0.00503463
0.92918 0.863079 0.00502428
0.929253 0.863214 0.00501395
0.929326 0.86335 0.00500364
0.929398 0.863485 0.00499335
0.929471 0.863621 0.00498308
0.929544 0.863756 0.00497284
0.929616 0.863891 0.00496261
0.929688 0.864026 0.00495241
0.929761 0.864161 0.00494222
0.929833 0.864295 0.00493206
0.929905 0.86443 0.00492192
0.929977 0.864564 0.0049118
0.930049 0.864698 0.0049017
0.930121 0.864833 0.00489163
0.930193 0.864967 0.00488157
0.930265 0.8651 0.00487153
0.930337 0.865234 0.00486152
0.930408 0.865368 0.00485152
0.93048 0.865501 0.00484155
0.930551 0.865635 0.0048316
0.930623 0.865768 0.00482166
0.930694 0.865901 0.00481175
0.930765 0.866034 0.00480186
0.930836 0.866167 0.00479199
0.930908 0.8663 0.00478214
0.930979 0.866432 0.00477231
0.93105 0.866565 0.0047625
0.93112 0.866697 0.00475271
0.931191 0.866829 0.00474294
0.931262 0.866961 0.00473319
0.931333 0.867093 0.00472346
0.931403 0.867225 0.00471375
0.931474 0.867357 0.00470406
0.931544 0.867488 0.00469439
0.931615 0.86762 0.00468474
0.931685 0.867751 0.00467511
0.931755 0.867882 0.0046655
0.931825 0.868013 0.00465591
0.931896 0.868144 0.00464634
0.931966 0.868275 0.0046368
0.932036 0.868406 0.00462727
0.932105 0.868536 0.00461775
0.932175 0.868667 0.00460826
0.932245 0.868797 0.00459879
0.932315 0.868927 0.00458934
0.932384 0.869057 0.00457991
0.932454 0.869187 0.0045705
0.932523 0.869317 0.0045611
0.932592 0.869447 0.00455173
0.932662 0.869576 0.00454238
0.932731 0.869706 0.00453304
0.9328 0.869835 0.00452372
0.932869 0.869964 0.00451443
0.932938 0.870093 0.00450515
0.933007 0.870222 0.00449589
0.933076 0.870351 0.00448665
0.933145 0.87048 0.00447743
0.933214 0.870608 0.00446823
0.933282 0.870737 0.00445905
0.933351 0.870865 0.00444989
0.933419 0.870993 0.00444074
0.933488 0.871121 0.00443162
0.933556 0.871249 0.00442251
0.933624 0.871377 0.00441342
0.933693 0.871505 0.00440435
0.933761 0.871632 0.0043953
0.933829 0.87176 0.00438627
0.933897 0.871887 0.00437726
0.933965 0.872014 0.00436826
0.934033 0.872141 0.00435929
0.934101 0.872268 0.00435033
0.934168 0.872395 0.00434139
0.934236 0.872522 0.00433247
0.934304 0.872648 0.00432357
0.934371 0.872775 0.00431469
0.934439 0.872901 0.00430582
0.934506 0.873028 0.00429697
0.934573 0.873154 0.00428814
0.93464 0.87328 0.00427933
0.934708 0.873405 0.00427054
0.934775 0.873531 0.00426177
0.934842 0.873657 0.00425301
0.934909 0.873782 0.00424427
0.934976 0.873908 0.00423555
0.935042 0.874033 0.00422685
0.935109 0.874158 0.00421816
0.935176 0.874283 0.0042095
0.935243 0.874408 0.00420085
0.935309 0.874533 0.00419222
0.935376 0.874658 0.0041836
0.935442 0.874782 0.00417501
0.935508 0.874906 0.00416643
0.935575 0.875031 0.00415787
0.935641 0.875155 0.00414933
0.935707 0.875279 0.0041408
0.935773 0.875403 0.0041323
0.935839 0.875527 0.00412381
0.935905 0.87565 0.00411533
0.935971 0.875774 0.00410688
0.936037 0.875898 0.00409844
0.936102 0.876021 0.00409002
0.936168 0.876144 0.00408162
0.936234 0.876267 0.00407323
0.936299 0.87639 0.00406486
0.936365 0.876513 0.00405651
0.93643 0.876636 0.00404818
0.936495 0.876759 0.00403986
0.936561 0.876881 0.00403156
0.936626 0.877003 0.00402328
0.936691 0.877126 0.00401502
0.936756 0.877248 0.00400677
0.936821 0.87737 0.00399854
0.936886 0.877492 0.00399032
0.936951 0.877614 0.00398212
0.937016 0.877735 0.00397394
0.93708 0.877857 0.00396578
0.937145 0.877978 0.00395763
0.93721 0.8781 0.0039495
0.937274 0.878221 0.00394139
0.937339 0.878342 0.00393329
0.937403 0.878463 0.00392521
0.937467 0.878584 0.00391714
0.937532 0.878705 0.0039091
0.937596 0.878825 0.00390107
0.93766 0.878946 0.00389305
0.937724 0.879066 0.00388505
0.937788 0.879187 0.00387707
0.937852 0.879307 0.00386911
0.937916 0.879427 0.00386116
0.93798 0.879547 0.00385323
0.938043 0.879667 0.00384531
0.938107 0.879787 0.00383741
0.938171 0.879906 0.00382953
0.938234 0.880026 0.00382166
0.938298 0.880145 0.00381381
0.938361 0.880264 0.00380598
0.938424 0.880383 0.00379816
0.938488 0.880502 0.00379035
0.938551 0.880621 0.00378257
0.938614 0.88074 0.0037748
0.938677 0.880859 0.00376704
0.93874 0.880978 0.0037593
0.938803 0.881096 0.00375158
0.938866 0.881214 0.00374387
0.938929 0.881333 0.00373618
0.938992 0.881451 0.0037285
0.939054 0.881569 0.00372084
0.939117 0.881687 0.0037132
0.939179 0.881804 0.00370557
0.939242 0.881922 0.00369796
0.939304 0.88204 0.00369036
0.939367 0.882157 0.00368278
0.939429 0.882274 0.00367521
0.939491 0.882392 0.00366766
0.939553 0.882509 0.00366013
0.939616 0.882626 0.00365261
0.939678 0.882743 0.00364511
0.93974 0.882859 0.00363762
0.939802 0.882976 0.00363014
0.939863 0.883093 0.00362269
0.939925 0.883209 0.00361524
0.939987 0.883325 0.00360782
0.940049 0.883442 0.0036004
0.94011 0.883558 0.00359301
0.940172 0.883674 0.00358562
0.940233 0.88379 0.00357826
0.940295 0.883905 0.00357091
0.940356 0.884021 0.00356357
0.940417 0.884137 0.00355625
0.940479 0.884252 0.00354894
0.94054 0.884367 0.00354165
0.940601 0.884483 0.00353437
0.940662 0.884598 0.00352711
0.940723 0.884713 0.00351987
0.940784 0.884828 0.00351263
0.940845 0.884942 0.00350542
0.940906 0.885057 0.00349822
0.940966 0.885172 0.00349103
0.941027 0.885286 0.00348385
0.941088 0.8854 0.0034767
0.941148 0.885515 0.00346955
0.941209 0.885629 0.00346242
0.941269 0.885743 0.00345531
0.941329 0.885857 0.00344821
0.94139 0.88597 0.00344113
0.94145 0.886084 0.00343406
0.94151 0.886198 0.003427
0.94157 0.886311 0.00341996
0.94163 0.886425 0.00341293
0.94169 0.886538 0.00340592
0.94175 0.886651 0.00339892
0.94181 0.886764 0.00339194
0.94187 0.886877 0.00338497
0.94193 0.88699 0.00337801
0.941989 0.887102 0.00337107
0.942049 0.887215 0.00336414
0.942108 0.887328 0.00335723
0.942168 0.88744 0.00335033
0.942227 0.887552 0.00334345
0.942287 0.887664 0.00333658
0.942346 0.887776 0.00332972
0.942405 0.887888 0.00332288
0.942465 0.888 0.00331605
0.942524 0.888112 0.00330924
0.942583 0.888224 0.00330244
0.942642 0.888335 0.00329565
0.942701 0.888446 0.00328888
0.94276 0.888558 0.00328212
0.942819 0.888669 0.00327537
0.942877 0.88878 0.00326864
0.942936 0.888891 0.00326193
0.942995 0.889002 0.00325522
0.943053 0.889113 0.00324853
0.943112 0.889223 0.00324186
0.94317 0.889334 0.00323519
0.943229 0.889444 0.00322854
0.943287 0.889555 0.00322191
0.943345 0.889665 0.00321529
0.943404 0.889775 0.00320868
0.943462 0.889885 0.00320209
0.94352 0.889995 0.0031955
0.943578 0.890105 0.00318894
0.943636 0.890215 0.00318238
0.943694 0.890324 0.00317584
0.943752 0.890434 0.00316931
0.94381 0.890543 0.0031628
0.943868 0.890653 0.0031563
0.943925 0.890762 0.00314981
0.943983 0.890871 0.00314334
0.94404 0.89098 0.00313688
0.944098 0.891089 0.00313043
0.944155 0.891197 0.003124
0.944213 0.891306 0.00311757
0.94427 0.891415 0.00311117
0.944328 0.891523 0.00310477
0.944385 0.891632 0.00309839
0.944442 0.89174 0.00309202
0.944499 0.891848 0.00308566
0.944556 0.891956 0.00307932
0.944613 0.892064 0.00307299
0.94467 0.892172 0.00306668
0.944727 0.89228 0.00306037
0.944784 0.892387 0.00305408
0.944841 0.892495 0.0030478
0.944897 0.892602 0.00304154
0.944954 0.89271 0.00303528
0.945011 0.892817 0.00302904
0.945067 0.892924 0.00302282
0.945124 0.893031 0.0030166
0.94518 0.893138 0.0030104
0.945237 0.893245 0.00300421
0.945293 0.893351 0.00299804
0.945349 0.893458 0.00299187
0.945405 0.893564 0.00298572
0.945461 0.893671 0.00297958
0.945518 0.893777 0.00297346
0.945574 0.893883 0.00296734
0.94563 0.89399 0.00296124
0.945685 0.894096 0.00295515
0.945741 0.894201 0.00294908
0.945797 0.894307 0.00294301
0.945853 0.894413 0.00293696
0.945909 0.894519 0.00293092
0.945964 0.894624 0.0029249
0.94602 0.894729 0.00291888
0.946075 0.894835 0.00291288
0.946131 0.89494 0.00290689
0.946186 0.895045 0.00290091
0.946242 0.89515 0.00289495
0.946297 0.895255 0.00288899
0.946352 0.89536 0.00288305
0.946407 0.895464 0.00287712
0.946462 0.895569 0.00287121
0.946518 0.895673 0.0028653
0.946573 0.895778 0.00285941
0.946628 0.895882 0.00285353
0.946682 0.895986 0.00284766
0.946737 0.89609 0.0028418
0.946792 0.896194 0.00283596
0.946847 0.896298 0.00283013
0.946901 0.896402 0.00282431
0.946956 0.896506 0.0028185
0.947011 0.896609 0.0028127
0.947065 0.896713 0.00280692
0.94712 0.896816 0.00280114
0.947174 0.89692 0.00279538
0.947228 0.897023 0.00278963
0.947283 0.897126 0.00278389
0.947337 0.897229 0.00277817
0.947391 0.897332 0.00277245
0.947445 0.897435 0.00276675
0.947499 0.897537 0.00276106
0.947553 0.89764 0.00275538
0.947607 0.897742 0.00274971
0.947661 0.897845 0.00274405
0.947715 0.897947 0.00273841
0.947769 0.898049 0.00273277
0.947823 0.898151 0.00272715
0.947876 0.898254 0.00272154
0.94793 0.898355 0.00271594
0.947984 0.898457 0.00271036
0.948037 0.898559 0.00270478
0.948091 0.898661 0.00269921
0.948144 0.898762 0.00269366
0.948197 0.898864 0.00268812
0.948251 0.898965 0.00268259
0.948304 0.899066 0.00267707
0.948357 0.899167 0.00267156
0.94841 0.899268 0.00266606
0.948463 0.899369 0.00266058
0.948517 0.89947 0.0026551
0.94857 0.899571 0.00264964
0.948622 0.899672 0.00264419
0.948675 0.899772 0.00263875
0.948728 0.899873 0.00263331
0.948781 0.899973 0.0026279
0.948834 0.900073 0.00262249
0.948886 0.900173 0.00261709
0.948939 0.900274 0.0026117
0.948992 0.900374 0.00260633
0.949044 0.900473 0.00260097
0.949097 0.900573 0.00259561
0.949149 0.900673 0.00259027
0.949201 0.900773 0.00258494
0.949254 0.900872 0.00257962
0.949306 0.900972 0.00257431
0.949358 0.901071 0.00256901
0.94941 0.90117 0.00256372
0.949462 0.901269 0.00255845
0.949514 0.901368 0.00255318
0.949566 0.901467 0.00254792
0.949618 0.901566 0.00254268
0.94967 0.901665 0.00253744
0.949722 0.901763 0.00253222
0.949774 0.901862 0.00252701
0.949825 0.901961 0.00252181
0.949877 0.902059 0.00251661
0.949929 0.902157 0.00251143
0.94998 0.902255 0.00250626
0.950032 0.902353 0.0025011
0.950083 0.902451 0.00249595
0.950135 0.902549 0.00249081
0.950186 0.902647 0.00248569
0.950237 0.902745 0.00248057
0.950289 0.902843 0.00247546
0.95034 0.90294 0.00247036
0.950391 0.903038 0.00246528
0.950442 0.903135 0.0024602
0.950493 0.903232 0.00245513
0.950544 0.903329 0.00245008
0.950595 0.903426 0.00244503
0.950646 0.903523 0.00244
0.950697 0.90362 0.00243497
0.950748 0.903717 0.00242996
0.950798 0.903814 0.00242495
0.950849 0.90391 0.00241996
0.9509 0.904007 0.00241498
0.95095 0.904103 0.00241
0.951001 0.9042 0.00240504
0.951051 0.904296 0.00240008
0.951102 0.904392 0.00239514
0.951152 0.904488 0.00239021
0.951202 0.904584 0.00238528
0.951253 0.90468 0.00238037
0.951303 0.904776 0.00237547
0.951353 0.904871 0.00237057
0.951403 0.904967 0.00236569
0.951453 0.905063 0.00236082
0.951503 0.905158 0.00235595
0.951553 0.905253 0.0023511
0.951603 0.905348 0.00234626
0.951653 0.905444 0.00234142
0.951703 0.905539 0.0023366
0.951753 0.905634 0.00233178
0.951802 0.905728 0.00232698
0.951852 0.905823 0.00232219
0.951902 0.905918 0.0023174
0.951951 0.906013 0.00231263
0.952001 0.906107 0.00230786
0.95205 0.906201 0.0023031
0.9521 0.906296 0.00229836
0.952149 0.90639 0.00229362
0.952198 0.906484 0.0022889
0.952248 0.906578 0.00228418
0.952297 0.906672 0.00227947
0.952346 0.906766 0.00227477
0.952395 0.90686 0.00227009
0.952444 0.906954 0.00226541
0.952493 0.907047 0.00226074
0.952542 0.907141 0.00225608
0.952591 0.907234 0.00225143
0.95264 0.907327 0.00224679
0.952689 0.907421 0.00224216
0.952738 0.907514 0.00223753
0.952787 0.907607 0.00223292
0.952835 0.9077 0.00222832
0.952884 0.907793 0.00222372
0.952932 0.907886 0.00221914
0.952981 0.907978 0.00221457
0.953029 0.908071 0.00221
0.953078 0.908164 0.00220544
0.953126 0.908256 0.0022009
0.953175 0.908348 0.00219636
0.953223 0.908441 0.00219183
0.953271 0.908533 0.00218731
0.953319 0.908625 0.0021828
0.953368 0.908717 0.0021783
0.953416 0.908809 0.00217381
0.953464 0.908901 0.00216933
0.953512 0.908992 0.00216485
0.95356 0.909084 0.00216039
0.953608 0.909176 0.00215593
0.953655 0.909267 0.00215149
0.953703 0.909359 0.00214705
0.953751 0.90945 0.00214262
0.953799 0.909541 0.0021382
0.953846 0.909632 0.00213379
0.953894 0.909723 0.00212939
0.953942 0.909814 0.002125
0.953989 0.909905 0.00212062
0.954037 0.909996 0.00211624
0.954084 0.910087 0.00211188
0.954131 0.910177 0.00210752
0.954179 0.910268 0.00210317
0.954226 0.910358 0.00209883
0.954273 0.910449 0.0020945
0.95432 0.910539 0.00209018
0.954368 0.910629 0.00208587
0.954415 0.910719 0.00208157
0.954462 0.910809 0.00207727
0.954509 0.910899 0.00207299
0.954556 0.910989 0.00206871
0.954603 0.911079 0.00206444
0.954649 0.911168 0.00206018
0.954696 0.911258 0.00205593
0.954743 0.911347 0.00205169
0.95479 0.911437 0.00204745
0.954836 0.911526 0.00204323
0.954883 0.911615 0.00203901
0.95493 0.911704 0.0020348
0.954976 0.911794 0.0020306
0.955023 0.911883 0.00202641
0.955069 0.911971 0.00202223
0.955116 0.91206 0.00201805
0.955162 0.912149 0.00201389
0.955208 0.912238 0.00200973
0.955254 0.912326 0.00200558
0.955301 0.912415 0.00200144
0.955347 0.912503 0.00199731
0.955393 0.912591 0.00199319
0.955439 0.91268 0.00198907
0.955485 0.912768 0.00198497
0.955531 0.912856 0.00198087
0.955577 0.912944 0.00197678
0.955623 0.913032 0.0019727
0.955669 0.913119 0.00196862
0.955714 0.913207 0.00196456
0.95576 0.913295 0.0019605
0.955806 0.913382 0.00195645
0.955851 0.91347 0.00195241
0.955897 0.913557 0.00194838
0.955943 0.913644 0.00194436
0.955988 0.913732 0.00194034
0.956034 0.913819 0.00193634
0.956079 0.913906 0.00193234
0.956124 0.913993 0.00192835
0.95617 0.91408 0.00192436
0.956215 0.914167 0.00192039
0.95626 0.914253 0.00191642
0.956305 0.91434 0.00191246
0.956351 0.914426 0.00190851
0.956396 0.914513 0.00190457
0.956441 0.914599 0.00190063
0.956486 0.914686 0.00189671
0.956531 0.914772 0.00189279
0.956576 0.914858 0.00188888
0.956621 0.914944 0.00188498
0.956665 0.91503 0.00188108
0.95671 0.915116 0.0018772
0.956755 0.915202 0.00187332
0.9568 0.915287 0.00186945
0.956844 0.915373 0.00186558
0.956889 0.915459 0.00186173
0.956934 0.915544 0.00185788
0.956978 0.915629 0.00185404
0.957023 0.915715 0.00185021
0.957067 0.9158 0.00184638
0.957111 0.915885 0.00184257
0.957156 0.91597 0.00183876
0.9572 0.916055 0.00183496
0.957244 0.91614 0.00183117
0.957288 0.916225 0.00182738
0.957333 0.91631 0.0018236
0.957377 0.916394 0.00181983
0.957421 0.916479 0.00181607
0.957465 0.916563 0.00181232
0.957509 0.916648 0.00180857
0.957553 0.916732 0.00180483
0.957597 0.916817 0.0018011
0.957641 0.916901 0.00179738
0.957684 0.916985 0.00179366
0.957728 0.917069 0.00178995
0.957772 0.917153 0.00178625
0.957816 0.917237 0.00178256
0.957859 0.91732 0.00177887
0.957903 0.917404 0.00177519
0.957946 0.917488 0.00177152
0.95799 0.917571 0.00176786
0.958033 0.917655 0.0017642
0.958077 0.917738 0.00176055
0.95812 0.917821 0.00175691
0.958163 0.917905 0.00175328
0.958207 0.917988 0.00174965
0.95825 0.918071 0.00174603
0.958293 0.918154 0.00174242
0.958336 0.918237 0.00173881
0.958379 0.91832 0.00173522
0.958423 0.918402 0.00173163
0.958466 0.918485 0.00172804
0.958509 0.918568 0.00172447
0.958551 0.91865 0.0017209
0.958594 0.918733 0.00171734
0.958637 0.918815 0.00171379
0.95868 0.918897 0.00171024
0.958723 0.918979 0.0017067
0.958766 0.919061 0.00170317
0.958808 0.919143 0.00169964
0.958851 0.919225 0.00169613
0.958893 0.919307 0.00169262
0.958936 0.919389 0.00168911
0.958979 0.919471 0.00168562
0.959021 0.919552 0.00168213
0.959063 0.919634 0.00167865
0.959106 0.919716 0.00167517
0.959148 0.919797 0.0016717
0.959191 0.919878 0.00166824
0.959233 0.91996 0.00166479
0.959275 0.920041 0.00166134
0.959317 0.920122 0.0016579
0.959359 0.920203 0.00165447
0.959401 0.920284 0.00165104
0.959443 0.920365 0.00164763
0.959485 0.920445 0.00164421
0.959527 0.920526 0.00164081
0.959569 0.920607 0.00163741
0.959611 0.920687 0.00163402
0.959653 0.920768 0.00163064
0.959695 0.920848 0.00162726
0.959737 0.920929 0.00162389
0.959778 0.921009 0.00162053
0.95982 0.921089 0.00161717
0.959862 0.921169 0.00161382
0.959903 0.921249 0.00161048
0.959945 0.921329 0.00160714
0.959986 0.921409 0.00160381
0.960028 0.921489 0.00160049
0.960069 0.921568 0.00159717
0.960111 0.921648 0.00159386
0.960152 0.921728 0.00159056
0.960193 0.921807 0.00158727
0.960234 0.921887 0.00158398
0.960276 0.921966 0.00158069
0.960317 0.922045 0.00157742
0.960358 0.922124 0.00157415
0.960399 0.922203 0.00157089
0.96044 0.922282 0.00156763
0.960481 0.922361 0.00156438
0.960522 0.92244 0.00156114
0.960563 0.922519 0.00155791
0.960604 0.922598 0.00155468
0.960645 0.922676 0.00155145
0.960686 0.922755 0.00154824
0.960726 0.922834 0.00154503
0.960767 0.922912 0.00154183
0.960808 0.92299 0.00153863
0.960848 0.923069 0.00153544
0.960889 0.923147 0.00153226
0.96093 0.923225 0.00152908
0.96097 0.923303 0.00152591
0.961011 0.923381 0.00152274
0.961051 0.923459 0.00151959
0.961092 0.923537 0.00151644
0.961132 0.923615 0.00151329
0.961172 0.923692 0.00151015
0.961212 0.92377 0.00150702
0.961253 0.923847 0.00150389
0.961293 0.923925 0.00150078
0.961333 0.924002 0.00149766
0.961373 0.924079 0.00149456
0.961413 0.924157 0.00149146
0.961453 0.924234 0.00148836
0.961493 0.924311 0.00148527
0.961533 0.924388 0.00148219
0.961573 0.924465 0.00147912
0.961613 0.924542 0.00147605
0.961653 0.924619 0.00147299
0.961693 0.924695 0.00146993
0.961732 0.924772 0.00146688
0.961772 0.924849 0.00146384
0.961812 0.924925 0.0014608
0.961852 0.925001 0.00145777
0.961891 0.925078 0.00145474
0.961931 0.925154 0.00145172
0.96197 0.92523 0.00144871
0.96201 0.925306 0.0014457
0.962049 0.925383 0.0014427
0.962089 0.925459 0.00143971
0.962128 0.925534 0.00143672
0.962167 0.92561 0.00143374
0.962207 0.925686 0.00143076
0.962246 0.925762 0.00142779
0.962285 0.925837 0.00142483
0.962324 0.925913 0.00142187
0.962363 0.925988 0.00141891
0.962402 0.926064 0.00141597
0.962441 0.926139 0.00141303
0.96248 0.926214 0.00141009
0.962519 0.92629 0.00140717
0.962558 0.926365 0.00140424
0.962597 0.92644 0.00140133
0.962636 0.926515 0.00139842
0.962675 0.92659 0.00139551
0.962714 0.926664 0.00139261
0.962753 0.926739 0.00138972
0.962791 0.926814 0.00138683
0.96283 0.926889 0.00138395
0.962869 0.926963 0.00138108
0.962907 0.927038 0.00137821
0.962946 0.927112 0.00137534
0.962984 0.927186 0.00137249
0.963023 0.927261 0.00136964
0.963061 0.927335 0.00136679
0.963099 0.927409 0.00136395
0.963138 0.927483 0.00136112
0.963176 0.927557 0.00135829
0.963214 0.927631 0.00135546
0.963253 0.927705 0.00135265
0.963291 0.927778 0.00134984
0.963329 0.927852 0.00134703
0.963367 0.927926 0.00134423
0.963405 0.927999 0.00134144
0.963443 0.928073 0.00133865
0.963481 0.928146 0.00133586
0.963519 0.92822 0.00133309
0.963557 0.928293 0.00133032
0.963595 0.928366 0.00132755
0.963633 0.928439 0.00132479
0.963671 0.928512 0.00132203
0.963709 0.928585 0.00131929
0.963746 0.928658 0.00131654
0.963784 0.928731 0.0013138
0.963822 0.928804 0.00131107
0.96386 0.928876 0.00130835
0.963897 0.928949 0.00130562
0.963935 0.929022 0.00130291
0.963972 0.929094 0.0013002
0.96401 0.929167 0.00129749
0.964047 0.929239 0.0012948
0.964085 0.929311 0.0012921
0.964122 0.929384 0.00128941
0.964159 0.929456 0.00128673
0.964196 0.929528 0.00128405
0.964234 0.9296 0.00128138
0.964271 0.929672 0.00127872
0.964309 0.929743 0.00127606
0.964345 0.929816 0.0012734
0.964383 0.929887 0.00127075
0.964419 0.929959 0.00126811
0.964457 0.93003 0.00126547
0.964493 0.930102 0.00126283
0.964531 0.930173 0.00126021
0.964566 0.930245 0.00125758
0.964605 0.930316 0.00125497
0.96464 0.930388 0.00125235
0.964679 0.930458 0.00124975
0.964713 0.930531 0.00124715
0.964753 0.9306 0.00124455
0.964786 0.930673 0.00124197
0.964827 0.930741 0.00123938
0.964859 0.930815 0.00123681
0.964901 0.930882 0.00123424
0.964931 0.930956 0.00123167
0.964975 0.931023 0.00122912
0.965003 0.931098 0.00122657
0.965048 0.931163 0.00122402
0.965074 0.931239 0.00122149
0.965122 0.931303 0.00121897
0.965145 0.931379 0.00121646
0.965195 0.931441 0.00121395
0.965215 0.931519 0.00121146
0.965267 0.931579 0.00120897
0.965285 0.931658 0.00120651
0.965339 0.931716 0.00120405
0.965354 0.931795 0.00120161
0.965411 0.931852 0.00119917
0.965423 0.931932 0.00119676
0.965481 0.931987 0.00119434
0.965492 0.932067 0.00119195
0.965551 0.932121 0.00118954
0.965561 0.932201 0.00118718
0.965619 0.932255 0.00118479
0.96563 0.932334 0.00118244
0.965687 0.932388 0.00118006
0.965699 0.932466 0.00117772
0.965755 0.93252 0.00117535
0.965768 0.932598 0.00117303
0.965822 0.932653 0.00117067
0.965837 0.932729 0.00116835
0.965889 0.932785 0.00116601
0.965906 0.93286 0.0011637
0.965956 0.932917 0.00116137
0.965975 0.932991 0.00115906
0.966023 0.933048 0.00115675
0.966044 0.933121 0.00115445
0.96609 0.93318 0.00115214
0.966112 0.933252 0.00114985
0.966156 0.933311 0.00114755
0.96618 0.933382 0.00114527
0.966223 0.933442 0.00114299
0.966248 0.933512 0.00114071
0.96629 0.933573 0.00113844
0.966316 0.933642 0.00113617
0.966356 0.933703 0.0011339
0.966384 0.933771 0.00113164
0.966423 0.933833 0.00112939
0.966451 0.933901 0.00112714
0.966489 0.933963 0.00112489
0.966519 0.93403 0.00112265
0.966556 0.934093 0.00112041
0.966586 0.934159 0.00111817
0.966622 0.934222 0.00111594
0.966653 0.934288 0.00111372
0.966688 0.934351 0.0011115
0.966719 0.934417 0.00110928
0.966754 0.93448 0.00110707
0.966786 0.934545 0.00110486
0.966821 0.934609 0.00110266
0.966852 0.934673 0.00110046
0.966887 0.934737 0.00109826
0.966919 0.934801 0.00109607
0.966953 0.934865 0.00109389
0.966985 0.934929 0.0010917
0.967018 0.934993 0.00108952
0.967051 0.935057 0.00108735
0.967084 0.93512 0.00108518
0.967116 0.935184 0.00108302
0.96715 0.935248 0.00108086
0.967182 0.935311 0.0010787
0.967215 0.935375 0.00107655
0.967248 0.935438 0.0010744
0.967281 0.935502 0.00107225
0.967313 0.935565 0.00107011
0.967346 0.935628 0.00106798
0.967378 0.935692 0.00106584
0.967411 0.935755 0.00106372
0.967443 0.935818 0.00106159
0.967476 0.935881 0.00105947
0.967508 0.935944 0.00105736
0.967541 0.936007 0.00105525
0.967573 0.93607 0.00105314
0.967606 0.936132 0.00105104
0.967638 0.936195 0.00104894
0.967671 0.936258 0.00104684
0.967703 0.936321 0.00104475
0.967735 0.936383 0.00104267
0.967767 0.936446 0.00104058
0.9678 0.936508 0.00103851
0.967832 0.93657 0.00103643
0.967864 0.936633 0.00103436
0.967896 0.936695 0.00103229
0.967928 0.936757 0.00103023
0.96796 0.93682 0.00102817
0.967992 0.936882 0.00102612
0.968024 0.936944 0.00102407
0.968056 0.937006 0.00102202
0.968088 0.937068 0.00101998
0.96812 0.93713 0.00101794
0.968152 0.937191 0.00101591
0.968184 0.937253 0.00101388
0.968215 0.937315 0.00101185
0.968247 0.937377 0.00100983
0.968279 0.937438 0.00100781
0.968311 0.9375 0.0010058
0.968342 0.937561 0.00100379
0.968374 0.937623 0.00100178
0.968406 0.937684 0.000999775
0.968437 0.937745 0.000997776
0.968469 0.937807 0.000995781
0.9685 0.937868 0.00099379
0.968532 0.937929 0.000991803
0.968563 0.93799 0.00098982
0.968595 0.938051 0.00098784
0.968626 0.938112 0.000985864
0.968658 0.938173 0.000983892
0.968689 0.938234 0.000981924
0.96872 0.938295 0.00097996
0.968752 0.938356 0.000978
0.968783 0.938416 0.000976043
0.968814 0.938477 0.000974091
0.968845 0.938538 0.000972142
0.968876 0.938598 0.000970197
0.968908 0.938659 0.000968255
0.968939 0.938719 0.000966318
0.96897 0.93878 0.000964384
0.969001 0.93884 0.000962454
0.969032 0.9389 0.000960528
0.969063 0.93896 0.000958606
0.969094 0.93902 0.000956687
0.969125 0.939081 0.000954772
0.969156 0.939141 0.000952861
0.969187 0.939201 0.000950953
0.969218 0.939261 0.000949049
0.969248 0.93932 0.000947149
0.969279 0.93938 0.000945253
0.96931 0.93944 0.00094336
0.969341 0.9395 0.000941471
0.969371 0.939559 0.000939586
0.969402 0.939619 0.000937704
0.969433 0.939679 0.000935826
0.969463 0.939738 0.000933952
0.969494 0.939798 0.000932082
0.969525 0.939857 0.000930215
0.969555 0.939916 0.000928351
0.969586 0.939976 0.000926492
0.969616 0.940035 0.000924635
0.969647 0.940094 0.000922783
0.969677 0.940153 0.000920934
0.969707 0.940212 0.000919089
0.969738 0.940271 0.000917247
0.969768 0.94033 0.000915409
0.969798 0.940389 0.000913575
0.969829 0.940448 0.000911744
0.969859 0.940507 0.000909917
0.969889 0.940565 0.000908093
0.969919 0.940624 0.000906273
0.969949 0.940683 0.000904456
0.96998 0.940741 0.000902643
0.97001 0.9408 0.000900834
0.97004 0.940858 0.000899028
0.97007 0.940917 0.000897225
0.9701 0.940975 0.000895426
0.97013 0.941033 0.000893631
0.97016 0.941092 0.000891839
0.97019 0.94115 0.00089005
0.97022 0.941208 0.000888265
0.970249 0.941266 0.000886484
0.970279 0.941324 0.000884706
0.970309 0.941382 0.000882931
0.970339 0.94144 0.00088116
0.970369 0.941498 0.000879393
0.970398 0.941556 0.000877629
0.970428 0.941614 0.000875868
0.970458 0.941671 0.000874111
0.970487 0.941729 0.000872357
0.970517 0.941787 0.000870606
0.970547 0.941844 0.000868859
0.970576 0.941902 0.000867116
0.970606 0.941959 0.000865376
0.970635 0.942017 0.000863639
0.970665 0.942074 0.000861905
0.970694 0.942131 0.000860175
0.970724 0.942188 0.000858449
0.970753 0.942246 0.000856726
0.970782 0.942303 0.000855006
0.970812 0.94236 0.000853289
0.970841 0.942417 0.000851576
0.97087 0.942474 0.000849866
0.9709 0.942531 0.00084816
0.970929 0.942588 0.000846456
0.970958 0.942645 0.000844757
0.970987 0.942701 0.00084306
0.971016 0.942758 0.000841367
0.971046 0.942815 0.000839677
0.971075 0.942871 0.00083799
0.971104 0.942928 0.000836307
0.971133 0.942984 0.000834627
0.971162 0.943041 0.00083295
0.971191 0.943097 0.000831277
0.97122 0.943154 0.000829607
0.971249 0.94321 0.00082794
0.971278 0.943266 0.000826276
0.971306 0.943322 0.000824616
0.971335 0.943379 0.000822959
0.971364 0.943435 0.000821305
0.971393 0.943491 0.000819654
0.971422 0.943547 0.000818007
0.97145 0.943603 0.000816362
0.971479 0.943659 0.000814721
0.971508 0.943714 0.000813084
0.971536 0.94377 0.000811449
0.971565 0.943826 0.000809818
0.971594 0.943882 0.000808189
0.971622 0.943937 0.000806564
0.971651 0.943993 0.000804942
0.971679 0.944048 0.000803324
0.971708 0.944104 0.000801708
0.971736 0.944159 0.000800096
0.971765 0.944215 0.000798487
0.971793 0.94427 0.000796881
0.971821 0.944325 0.000795278
0.97185 0.944381 0.000793678
0.971878 0.944436 0.000792081
0.971906 0.944491 0.000790488
0.971935 0.944546 0.000788897
0.971963 0.944601 0.00078731
0.971991 0.944656 0.000785726
0.972019 0.944711 0.000784144
0.972048 0.944766 0.000782566
0.972076 0.944821 0.000780992
0.972104 0.944875 0.00077942
0.972132 0.94493 0.000777851
0.97216 0.944985 0.000776285
0.972188 0.945039 0.000774723
0.972216 0.945094 0.000773163
0.972244 0.945148 0.000771606
0.972272 0.945203 0.000770053
0.9723 0.945257 0.000768502
0.972328 0.945312 0.000766955
0.972356 0.945366 0.000765411
0.972383 0.94542 0.000763869
0.972411 0.945474 0.000762331
0.972439 0.945529 0.000760796
0.972467 0.945583 0.000759263
0.972495 0.945637 0.000757734
0.972522 0.945691 0.000756207
0.97255 0.945745 0.000754684
0.972578 0.945799 0.000753164
0.972605 0.945853 0.000751646
0.972633 0.945906 0.000750132
0.97266 0.94596 0.00074862
0.972688 0.946014 0.000747112
0.972716 0.946068 0.000745606
0.972743 0.946121 0.000744104
0.972771 0.946175 0.000742604
0.972798 0.946228 0.000741107
0.972825 0.946282 0.000739614
0.972853 0.946335 0.000738123
0.97288 0.946389 0.000736635
0.972908 0.946442 0.00073515
0.972935 0.946495 0.000733667
0.972962 0.946548 0.000732188
0.972989 0.946602 0.000730712
0.973017 0.946655 0.000729238
0.973044 0.946708 0.000727768
0.973071 0.946761 0.0007263
0.973098 0.946814 0.000724835
0.973125 0.946867 0.000723373
0.973153 0.94692 0.000721914
0.97318 0.946972 0.000720458
0.973207 0.947025 0.000719005
0.973234 0.947078 0.000717554
0.973261 0.947131 0.000716107
0.973288 0.947183 0.000714662
0.973315 0.947236 0.00071322
0.973342 0.947288 0.000711781
0.973369 0.947341 0.000710344
0.973395 0.947393 0.000708911
0.973422 0.947446 0.00070748
0.973449 0.947498 0.000706052
0.973476 0.94755 0.000704627
0.973503 0.947603 0.000703204
0.973529 0.947655 0.000701785
0.973556 0.947707 0.000700368
0.973583 0.947759 0.000698954
0.97361 0.947811 0.000697543
0.973636 0.947863 0.000696134
0.973663 0.947915 0.000694729
0.97369 0.947967 0.000693326
0.973716 0.948019 0.000691926
0.973743 0.948071 0.000690528
0.973769 0.948123 0.000689133
0.973796 0.948174 0.000687741
0.973822 0.948226 0.000686352
0.973849 0.948278 0.000684966
0.973875 0.948329 0.000683582
0.973901 0.948381 0.000682201
0.973928 0.948432 0.000680822
0.973954 0.948484 0.000679447
0.97398 0.948535 0.000678074
0.974007 0.948586 0.000676703
0.974033 0.948638 0.000675336
0.974059 0.948689 0.000673971
0.974086 0.94874 0.000672609
0.974112 0.948791 0.000671249
0.974138 0.948842 0.000669892
0.974164 0.948894 0.000668538
0.97419 0.948945 0.000667186
0.974216 0.948995 0.000665837
0.974242 0.949046 0.000664491
0.974268 0.949097 0.000663147
0.974294 0.949148 0.000661806
0.974321 0.949199 0.000660468
0.974346 0.94925 0.000659132
0.974372 0.9493 0.000657799
0.974398 0.949351 0.000656469
0.974424 0.949402 0.000655141
0.97445 0.949452 0.000653815
0.974476 0.949503 0.000652493
0.974502 0.949553 0.000651173
0.974528 0.949603 0.000649855
0.974553 0.949654 0.00064854
0.974579 0.949704 0.000647228
0.974605 0.949754 0.000645918
0.974631 0.949805 0.000644611
0.974656 0.949855 0.000643306
0.974682 0.949905 0.000642004
0.974708 0.949955 0.000640705
0.974733 0.950005 0.000639408
0.974759 0.950055 0.000638113
0.974784 0.950105 0.000636821
0.97481 0.950155 0.000635532
0.974835 0.950205 0.000634245
0.974861 0.950254 0.000632961
0.974886 0.950304 0.000631679
0.974912 0.950354 0.0006304
0.974937 0.950404 0.000629123
0.974963 0.950453 0.000627849
0.974988 0.950503 0.000626577
0.975013 0.950552 0.000625308
0.975039 0.950602 0.000624041
0.975064 0.950651 0.000622777
0.975089 0.950701 0.000621515
0.975114 0.95075 0.000620256
0.97514 0.950799 0.000618999
0.975165 0.950848 0.000617745
0.97519 0.950898 0.000616493
0.975215 0.950947 0.000615244
0.97524 0.950996 0.000613997
0.975265 0.951045 0.000612752
0.975291 0.951094 0.00061151
0.975316 0.951143 0.000610271
0.975341 0.951192 0.000609033
0.975366 0.951241 0.000607799
0.975391 0.95129 0.000606566
0.975416 0.951338 0.000605336
0.975441 0.951387 0.000604109
0.975465 0.951436 0.000602884
0.97549 0.951485 0.000601661
0.975515 0.951533 0.000600441
0.97554 0.951582 0.000599223
0.975565 0.95163 0.000598008
0.97559 0.951679 0.000596795
0.975614 0.951727 0.000595584
0.975639 0.951776 0.000594376
0.975664 0.951824 0.00059317
0.975689 0.951872 0.000591966
0.975713 0.95192 0.000590765
0.975738 0.951969 0.000589566
0.975763 0.952017 0.00058837
0.975787 0.952065 0.000587175
0.975812 0.952113 0.000585984
0.975836 0.952161 0.000584794
0.975861 0.952209 0.000583607
0.975885 0.952257 0.000582422
0.97591 0.952305 0.00058124
0.975934 0.952353 0.00058006
0.975959 0.952401 0.000578882
0.975983 0.952448 0.000577707
0.976008 0.952496 0.000576534
0.976032 0.952544 0.000575363
0.976056 0.952591 0.000574194
0.976081 0.952639 0.000573028
0.976105 0.952686 0.000571864
0.976129 0.952734 0.000570702
0.976154 0.952781 0.000569543
0.976178 0.952829 0.000568386
0.976202 0.952876 0.000567231
0.976226 0.952924 0.000566079
0.97625 0.952971 0.000564928
0.976274 0.953018 0.00056378
0.976299 0.953065 0.000562635
0.976323 0.953112 0.000561491
0.976347 0.95316 0.00056035
0.976371 0.953207 0.000559211
0.976395 0.953254 0.000558074
0.976419 0.953301 0.00055694
0.976443 0.953347 0.000555807
0.976467 0.953394 0.000554677
0.976491 0.953441 0.00055355
0.976515 0.953488 0.000552424
0.976539 0.953535 0.000551301
0.976562 0.953581 0.000550179
0.976586 0.953628 0.00054906
0.97661 0.953675 0.000547944
0.976634 0.953721 0.000546829
0.976658 0.953768 0.000545717
0.976681 0.953814 0.000544607
0.976705 0.953861 0.000543499
0.976729 0.953907 0.000542393
0.976753 0.953954 0.000541289
0.976776 0.954 0.000540188
0.9768 0.954046 0.000539089
0.976823 0.954092 0.000537991
0.976847 0.954139 0.000536897
0.976871 0.954185 0.000535804
0.976894 0.954231 0.000534713
0.976918 0.954277 0.000533625
0.976941 0.954323 0.000532538
0.976965 0.954369 0.000531454
0.976988 0.954415 0.000530372
0.977012 0.954461 0.000529292
0.977035 0.954507 0.000528214
0.977058 0.954552 0.000527139
0.977082 0.954598 0.000526065
0.977105 0.954644 0.000524994
0.977128 0.95469 0.000523924
0.977152 0.954735 0.000522857
0.977175 0.954781 0.000521792
0.977198 0.954826 0.000520729
0.977222 0.954872 0.000519668
0.977245 0.954917 0.000518609
0.977268 0.954963 0.000517553
0.977291 0.955008 0.000516498
0.977314 0.955054 0.000515445
0.977337 0.955099 0.000514395
0.97736 0.955144 0.000513347
0.977384 0.955189 0.0005123
0.977407 0.955235 0.000511256
0.97743 0.95528 0.000510214
0.977453 0.955325 0.000509174
0.977476 0.95537 0.000508135
0.977499 0.955415 0.000507099
0.977522 0.95546 0.000506065
0.977545 0.955505 0.000505033
0.977567 0.95555 0.000504003
0.97759 0.955594 0.000502975
0.977613 0.955639 0.00050195
0.977636 0.955684 0.000500926
0.977659 0.955729 0.000499904
0.977682 0.955773 0.000498884
0.977704 0.955818 0.000497866
0.977727 0.955863 0.000496851
0.97775 0.955907 0.000495837
0.977773 0.955952 0.000494825
0.977795 0.955996 0.000493815
0.977818 0.95604 0.000492807
0.977841 0.956085 0.000491802
0.977863 0.956129 0.000490798
0.977886 0.956174 0.000489796
0.977908 0.956218 0.000488796
0.977931 0.956262 0.000487798
0.977954 0.956306 0.000486802
0.977976 0.95635 0.000485808
0.977999 0.956394 0.000484816
0.978021 0.956438 0.000483826
0.978044 0.956482 0.000482838
0.978066 0.956526 0.000481852
0.978088 0.95657 0.000480868
0.978111 0.956614 0.000479886
0.978133 0.956658 0.000478905
0.978155 0.956702 0.000477927
0.978178 0.956746 0.000476951
0.9782 0.956789 0.000475976
0.978222 0.956833 0.000475004
0.978245 0.956877 0.000474033
0.978267 0.95692 0.000473064
0.978289 0.956964 0.000472098
0.978311 0.957007 0.000471133
0.978333 0.957051 0.00047017
0.978356 0.957094 0.000469209
0.978378 0.957138 0.000468249
0.9784 0.957181 0.000467292
0.978422 0.957224 0.000466337
0.978444 0.957268 0.000465383
0.978466 0.957311 0.000464432
0.978488 0.957354 0.000463482
0.97851 0.957397 0.000462534
0.978532 0.95744 0.000461588
0.978554 0.957483 0.000460644
0.978576 0.957526 0.000459702
0.978598 0.957569 0.000458761
0.97862 0.957612 0.000457823
0.978642 0.957655 0.000456886
0.978664 0.957698 0.000455951
0.978685 0.957741 0.000455018
0.978707 0.957784 0.000454087
0.978729 0.957827 0.000453158
0.978751 0.957869 0.000452231
0.978773 0.957912 0.000451305
0.978794 0.957955 0.000450381
0.978816 0.957997 0.000449459
0.978838 0.95804 0.000448539
0.978859 0.958082 0.000447621
0.978881 0.958125 0.000446704
0.978903 0.958167 0.00044579
0.978924 0.95821 0.000444877
0.978946 0.958252 0.000443966
0.978967 0.958294 0.000443057
0.978989 0.958337 0.000442149
0.979011 0.958379 0.000441244
0.979032 0.958421 0.00044034
0.979054 0.958463 0.000439438
0.979075 0.958505 0.000438537
0.979096 0.958547 0.000437639
0.979118 0.958589 0.000436742
0.979139 0.958631 0.000435847
0.979161 0.958673 0.000434954
0.979182 0.958715 0.000434063
0.979203 0.958757 0.000433173
0.979225 0.958799 0.000432285
0.979246 0.958841 0.000431399
0.979267 0.958883 0.000430515
0.979289 0.958924 0.000429632
0.97931 0.958966 0.000428751
0.979331 0.959008 0.000427872
0.979352 0.959049 0.000426995
0.979373 0.959091 0.000426119
0.979395 0.959132 0.000425245
0.979416 0.959174 0.000424373
0.979437 0.959215 0.000423503
0.979458 0.959257 0.000422634
0.979479 0.959298 0.000421767
0.9795 0.959339 0.000420902
0.979521 0.959381 0.000420038
0.979542 0.959422 0.000419177
0.979563 0.959463 0.000418316
0.979584 0.959504 0.000417458
0.979605 0.959546 0.000416601
0.979626 0.959587 0.000415746
0.979647 0.959628 0.000414893
0.979668 0.959669 0.000414041
0.979689 0.95971 0.000413191
0.97971 0.959751 0.000412343
0.97973 0.959792 0.000411497
0.979751 0.959833 0.000410652
0.979772 0.959873 0.000409809
0.979793 0.959914 0.000408967
0.979814 0.959955 0.000408127
0.979834 0.959996 0.000407289
0.979855 0.960036 0.000406452
0.979876 0.960077 0.000405617
0.979896 0.960118 0.000404784
0.979917 0.960158 0.000403953
0.979938 0.960199 0.000403123
0.979958 0.960239 0.000402295
0.979979 0.96028 0.000401468
0.979999 0.96032 0.000400643
0.98002 0.96036 0.00039982
0.980041 0.960401 0.000398998
0.980061 0.960441 0.000398178
0.980082 0.960481 0.000397359
0.980102 0.960522 0.000396542
0.980123 0.960562 0.000395727
0.980143 0.960602 0.000394914
0.980163 0.960642 0.000394102
0.980184 0.960682 0.000393291
0.980204 0.960722 0.000392483
0.980225 0.960762 0.000391675
0.980245 0.960802 0.00039087
0.980265 0.960842 0.000390066
0.980286 0.960882 0.000389264
0.980306 0.960922 0.000388463
0.980326 0.960962 0.000387664
0.980346 0.961001 0.000386866
0.980367 0.961041 0.00038607
0.980387 0.961081 0.000385276
0.980407 0.961121 0.000384483
0.980427 0.96116 0.000383692
0.980447 0.9612 0.000382902
0.980467 0.961239 0.000382114
0.980488 0.961279 0.000381327
0.980508 0.961318 0.000380542
0.980528 0.961358 0.000379759
0.980548 0.961397 0.000378977
0.980568 0.961437 0.000378197
0.980588 0.961476 0.000377418
0.980608 0.961515 0.000376641
0.980628 0.961555 0.000375865
0.980648 0.961594 0.000375091
0.980668 0.961633 0.000374318
0.980688 0.961672 0.000373547
0.980708 0.961711 0.000372778
0.980727 0.96175 0.00037201
0.980747 0.961789 0.000371243
0.980767 0.961828 0.000370478
0.980787 0.961867 0.000369715
0.980807 0.961906 0.000368953
0.980827 0.961945 0.000368193
0.980846 0.961984 0.000367434
0.980866 0.962023 0.000366676
0.980886 0.962062 0.000365921
0.980906 0.9621 0.000365166
0.980925 0.962139 0.000364413
0.980945 0.962178 0.000363662
0.980965 0.962216 0.000362912
0.980984 0.962255 0.000362164
0.981004 0.962294 0.000361417
0.981023 0.962332 0.000360672
0.981043 0.962371 0.000359928
0.981063 0.962409 0.000359185
0.981082 0.962447 0.000358444
0.981102 0.962486 0.000357705
0.981121 0.962524 0.000356967
0.981141 0.962563 0.00035623
0.98116 0.962601 0.000355495
0.981179 0.962639 0.000354762
0.981199 0.962677 0.00035403
0.981218 0.962715 0.000353299
0.981238 0.962754 0.00035257
0.981257 0.962792 0.000351842
0.981276 0.96283 0.000351116
0.981296 0.962868 0.000350391
0.981315 0.962906 0.000349667
0.981334 0.962944 0.000348945
0.981354 0.962982 0.000348225
0.981373 0.963019 0.000347506
0.981392 0.963057 0.000346788
0.981411 0.963095 0.000346072
0.981431 0.963133 0.000345357
0.98145 0.963171 0.000344643
0.981469 0.963208 0.000343932
0.981488 0.963246 0.000343221
0.981507 0.963284 0.000342512
0.981526 0.963321 0.000341804
0.981545 0.963359 0.000341098
0.981565 0.963396 0.000340393
0.981584 0.963434 0.000339689
0.981603 0.963471 0.000338987
0.981622 0.963509 0.000338287
0.981641 0.963546 0.000337587
0.98166 0.963583 0.000336889
0.981679 0.963621 0.000336193
0.981698 0.963658 0.000335498
0.981717 0.963695 0.000334804
0.981735 0.963733 0.000334112
0.981754 0.96377 0.000333421
0.981773 0.963807 0.000332731
0.981792 0.963844 0.000332043
0.981811 0.963881 0.000331356
0.98183 0.963918 0.000330671
0.981849 0.963955 0.000329986
0.981867 0.963992 0.000329304
0.981886 0.964029 0.000328622
0.981905 0.964066 0.000327942
0.981924 0.964103 0.000327264
0.981942 0.96414 0.000326586
0.981961 0.964176 0.00032591
0.98198 0.964213 0.000325236
0.981998 0.96425 0.000324563
0.982017 0.964287 0.000323891
0.982036 0.964323 0.00032322
0.982054 0.96436 0.000322551
0.982073 0.964396 0.000321883
0.982091 0.964433 0.000321216
0.98211 0.964469 0.000320551
0.982128 0.964506 0.000319887
0.982147 0.964542 0.000319225
0.982165 0.964579 0.000318563
0.982184 0.964615 0.000317903
0.982202 0.964652 0.000317245
0.982221 0.964688 0.000316588
0.982239 0.964724 0.000315932
0.982258 0.96476 0.000315277
0.982276 0.964797 0.000314624
0.982294 0.964833 0.000313971
0.982313 0.964869 0.000313321
0.982331 0.964905 0.000312671
0.98235 0.964941 0.000312023
0.982368 0.964977 0.000311376
0.982386 0.965013 0.000310731
0.982404 0.965049 0.000310086
0.982423 0.965085 0.000309443
0.982441 0.965121 0.000308802
0.982459 0.965157 0.000308161
0.982477 0.965193 0.000307522
0.982495 0.965228 0.000306884
0.982514 0.965264 0.000306248
0.982532 0.9653 0.000305612
0.98255 0.965336 0.000304978
0.982568 0.965371 0.000304346
0.982586 0.965407 0.000303714
0.982604 0.965442 0.000303084
0.982622 0.965478 0.000302455
0.98264 0.965514 0.000301827
0.982658 0.965549 0.000301201
0.982676 0.965585 0.000300575
0.982694 0.96562 0.000299951
0.982712 0.965655 0.000299329
0.98273 0.965691 0.000298707
0.982748 0.965726 0.000298087
0.982766 0.965761 0.000297468
0.982784 0.965797 0.00029685
0.982802 0.965832 0.000296234
0.98282 0.965867 0.000295618
0.982838 0.965902 0.000295004
0.982855 0.965937 0.000294392
0.982873 0.965972 0.00029378
0.982891 0.966007 0.00029317
0.982909 0.966043 0.00029256
0.982927 0.966078 0.000291952
0.982944 0.966112 0.000291346
0.982962 0.966147 0.00029074
0.98298 0.966182 0.000290136
0.982998 0.966217 0.000289533
0.983015 0.966252 0.000288931
0.983033 0.966287 0.00028833
0.98305 0.966322 0.000287731
0.983068 0.966356 0.000287133
0.983086 0.966391 0.000286536
0.983103 0.966426 0.00028594
0.983121 0.96646 0.000285345
0.983138 0.966495 0.000284752
0.983156 0.966529 0.000284159
0.983174 0.966564 0.000283568
0.983191 0.966598 0.000282978
0.983209 0.966633 0.00028239
0.983226 0.966667 0.000281802
0.983243 0.966702 0.000281216
0.983261 0.966736 0.000280631
0.983278 0.966771 0.000280047
0.983296 0.966805 0.000279464
0.983313 0.966839 0.000278882
0.983331 0.966873 0.000278301
0.983348 0.966908 0.000277722
0.983365 0.966942 0.000277144
0.983383 0.966976 0.000276567
0.9834 0.96701 0.000275991
0.983417 0.967044 0.000275416
0.983434 0.967078 0.000274843
0.983452 0.967112 0.00027427
0.983469 0.967146 0.000273699
0.983486 0.96718 0.000273129
0.983503 0.967214 0.00027256
0.983521 0.967248 0.000271992
0.983538 0.967282 0.000271425
0.983555 0.967316 0.00027086
0.983572 0.967349 0.000270296
0.983589 0.967383 0.000269732
0.983606 0.967417 0.00026917
0.983623 0.967451 0.000268609
0.98364 0.967484 0.000268049
0.983658 0.967518 0.00026749
0.983675 0.967551 0.000266933
0.983692 0.967585 0.000266376
0.983709 0.967618 0.000265821
0.983726 0.967652 0.000265266
0.983743 0.967685 0.000264713
0.98376 0.967719 0.000264161
0.983776 0.967752 0.00026361
0.983793 0.967786 0.00026306
0.98381 0.967819 0.000262512
0.983827 0.967852 0.000261964
0.983844 0.967886 0.000261417
0.983861 0.967919 0.000260872
0.983878 0.967952 0.000260328
0.983895 0.967985 0.000259784
0.983911 0.968018 0.000259242
0.983928 0.968052 0.000258701
0.983945 0.968085 0.000258161
0.983962 0.968118 0.000257622
0.983979 0.968151 0.000257084
0.983995 0.968184 0.000256548
0.984012 0.968217 0.000256012
0.984029 0.96825 0.000255477
0.984045 0.968283 0.000254944
0.984062 0.968315 0.000254411
0.984079 0.968348 0.00025388
0.984095 0.968381 0.00025335
0.984112 0.968414 0.00025282
0.984129 0.968447 0.000252292
0.984145 0.968479 0.000251765
0.984162 0.968512 0.000251239
0.984178 0.968545 0.000250714
0.984195 0.968577 0.00025019
0.984211 0.96861 0.000249667
0.984228 0.968642 0.000249145
0.984244 0.968675 0.000248625
0.984261 0.968707 0.000248105
0.984277 0.96874 0.000247586
0.984294 0.968772 0.000247069
0.98431 0.968805 0.000246552
0.984327 0.968837 0.000246036
0.984343 0.968869 0.000245522
0.984359 0.968902 0.000245008
0.984376 0.968934 0.000244496
0.984392 0.968966 0.000243985
0.984408 0.968999 0.000243474
0.984425 0.969031 0.000242965
0.984441 0.969063 0.000242457
0.984457 0.969095 0.000241949
0.984474 0.969127 0.000241443
0.98449 0.969159 0.000240938
0.984506 0.969191 0.000240433
0.984522 0.969223 0.00023993
0.984538 0.969255 0.000239428
0.984555 0.969287 0.000238927
0.984571 0.969319 0.000238427
0.984587 0.969351 0.000237927
0.984603 0.969383 0.000237429
0.984619 0.969415 0.000236932
0.984635 0.969446 0.000236436
0.984652 0.969478 0.000235941
0.984668 0.96951 0.000235446
0.984684 0.969542 0.000234953
0.9847 0.969573 0.000234461
0.984716 0.969605 0.00023397
0.984732 0.969637 0.00023348
0.984748 0.969668 0.00023299
0.984764 0.9697 0.000232502
0.98478 0.969731 0.000232015
0.984796 0.969763 0.000231529
0.984812 0.969794 0.000231043
0.984828 0.969826 0.000230559
0.984843 0.969857 0.000230076
0.984859 0.969888 0.000229593
0.984875 0.96992 0.000229112
0.984891 0.969951 0.000228632
0.984907 0.969982 0.000228152
0.984923 0.970014 0.000227674
0.984939 0.970045 0.000227196
0.984954 0.970076 0.00022672
0.98497 0.970107 0.000226244
0.984986 0.970138 0.000225769
0.985002 0.970169 0.000225296
0.985018 0.9702 0.000224823
0.985033 0.970232 0.000224351
0.985049 0.970263 0.000223881
0.985065 0.970294 0.000223411
0.98508 0.970324 0.000222942
0.985096 0.970355 0.000222474
0.985112 0.970386 0.000222007
0.985127 0.970417 0.000221541
0.985143 0.970448 0.000221076
0.985158 0.970479 0.000220611
0.985174 0.97051 0.000220148
0.98519 0.97054 0.000219686
0.985205 0.970571 0.000219225
0.985221 0.970602 0.000218764
0.985236 0.970632 0.000218305
0.985252 0.970663 0.000217846
0.985267 0.970694 0.000217388
0.985283 0.970724 0.000216932
0.985298 0.970755 0.000216476
0.985313 0.970785 0.000216021
0.985329 0.970816 0.000215567
0.985344 0.970846 0.000215114
0.98536 0.970876 0.000214662
0.985375 0.970907 0.000214211
0.985391 0.970937 0.000213761
0.985406 0.970968 0.000213312
0.985422 0.970998 0.000212863
0.985436 0.971029 0.000212416
0.985453 0.971058 0.00021197
0.985467 0.971089 0.000211524
0.985484 0.971118 0.00021108
0.985497 0.97115 0.000210637
0.985514 0.971179 0.000210195
0.985527 0.97121 0.000209754
0.985545 0.971238 0.000209313
0.985557 0.97127 0.000208875
0.985576 0.971298 0.000208437
0.985587 0.97133 0.000208001
0.985606 0.971358 0.000207566
0.985617 0.97139 0.000207133
0.985637 0.971417 0.000206701
0.985646 0.97145 0.000206271
0.985667 0.971476 0.000205842
0.985675 0.971509 0.000205417
0.985697 0.971534 0.000204991
0.985705 0.971568 0.00020457
0.985727 0.971592 0.000204148
0.985733 0.971626 0.000203731
0.985756 0.97165 0.000203313
0.985762 0.971684 0.0002029
0.985786 0.971707 0.000202485
0.985791 0.971741 0.000202076
0.985815 0.971764 0.000201664
0.98582 0.971798 0.000201258
0.985843 0.971821 0.000200848
0.985848 0.971855 0.000200445
0.985871 0.971878 0.000200038
0.985877 0.971911 0.000199637
0.9859 0.971934 0.000199232
0.985906 0.971967 0.000198833
0.985928 0.97199 0.00019843
0.985935 0.972023 0.000198032
0.985956 0.972046 0.000197631
0.985963 0.972078 0.000197235
0.985984 0.972102 0.000196836
0.985992 0.972134 0.000196441
0.986011 0.972158 0.000196044
0.98602 0.972189 0.000195651
0.986039 0.972214 0.000195256
0.986049 0.972245 0.000194863
0.986067 0.97227 0.00019447
0.986077 0.9723 0.000194079
0.986095 0.972325 0.000193688
0.986105 0.972355 0.000193298
0.986122 0.972381 0.000192908
0.986134 0.97241 0.00019252
0.98615 0.972436 0.000192132
0.986162 0.972465 0.000191745
0.986178 0.972491 0.000191358
0.98619 0.97252 0.000190973
0.986205 0.972547 0.000190588
0.986218 0.972575 0.000190204
0.986233 0.972602 0.00018982
0.986246 0.97263 0.000189438
0.986261 0.972657 0.000189056
0.986274 0.972685 0.000188675
0.986288 0.972711 0.000188294
0.986301 0.972739 0.000187915
0.986316 0.972766 0.000187536
0.986329 0.972794 0.000187157
0.986343 0.972821 0.00018678
0.986357 0.972848 0.000186403
0.986371 0.972875 0.000186027
0.986384 0.972903 0.000185652
0.986398 0.972929 0.000185277
0.986412 0.972957 0.000184904
0.986426 0.972984 0.00018453
0.986439 0.973011 0.000184158
0.986453 0.973038 0.000183786
0.986467 0.973065 0.000183415
0.98648 0.973092 0.000183045
0.986494 0.973119 0.000182676
0.986508 0.973146 0.000182307
0.986521 0.973173 0.000181939
0.986535 0.9732 0.000181572
0.986548 0.973227 0.000181205
0.986562 0.973254 0.000180839
0.986576 0.97328 0.000180474
0.986589 0.973307 0.000180109
0.986603 0.973334 0.000179746
0.986616 0.973361 0.000179382
0.98663 0.973388 0.00017902
0.986643 0.973414 0.000178658
0.986657 0.973441 0.000178297
0.98667 0.973468 0.000177937
0.986684 0.973494 0.000177578
0.986697 0.973521 0.000177219
0.986711 0.973548 0.00017686
0.986724 0.973574 0.000176503
0.986738 0.973601 0.000176146
0.986751 0.973627 0.00017579
0.986764 0.973654 0.000175435
0.986778 0.97368 0.00017508
0.986791 0.973707 0.000174726
0.986805 0.973733 0.000174373
0.986818 0.973759 0.00017402
0.986831 0.973786 0.000173668
0.986845 0.973812 0.000173317
0.986858 0.973838 0.000172966
0.986871 0.973865 0.000172616
0.986884 0.973891 0.000172267
0.986898 0.973917 0.000171918
0.986911 0.973943 0.00017157
0.986924 0.97397 0.000171223
0.986937 0.973996 0.000170877
0.986951 0.974022 0.000170531
0.986964 0.974048 0.000170186
0.986977 0.974074 0.000169841
0.98699 0.9741 0.000169497
0.987003 0.974126 0.000169154
0.987017 0.974152 0.000168812
0.98703 0.974178 0.00016847
0.987043 0.974204 0.000168128
0.987056 0.97423 0.000167788
0.987069 0.974256 0.000167448
0.987082 0.974282 0.000167109
0.987095 0.974308 0.00016677
0.987108 0.974334 0.000166432
0.987122 0.97436 0.000166095
0.987135 0.974386 0.000165759
0.987148 0.974412 0.000165423
0.987161 0.974437 0.000165088
0.987174 0.974463 0.000164753
0.987187 0.974489 0.000164419
0.9872 0.974514 0.000164086
0.987213 0.97454 0.000163753
0.987226 0.974566 0.000163421
0.987239 0.974591 0.00016309
0.987252 0.974617 0.000162759
0.987264 0.974643 0.000162429
0.987277 0.974668 0.000162099
0.98729 0.974694 0.000161771
0.987303 0.974719 0.000161442
0.987316 0.974745 0.000161115
0.987329 0.97477 0.000160788
0.987342 0.974796 0.000160462
0.987355 0.974821 0.000160136
0.987367 0.974847 0.000159811
0.98738 0.974872 0.000159487
0.987393 0.974897 0.000159163
0.987406 0.974923 0.00015884
0.987419 0.974948 0.000158518
0.987431 0.974973 0.000158196
0.987444 0.974998 0.000157875
0.987457 0.975024 0.000157554
0.98747 0.975049 0.000157234
0.987482 0.975074 0.000156915
0.987495 0.975099 0.000156596
0.987508 0.975124 0.000156278
0.987521 0.975149 0.000155961
0.987533 0.975175 0.000155644
0.987546 0.9752 0.000155328
0.987559 0.975225 0.000155012
0.987571 0.97525 0.000154697
0.987584 0.975275 0.000154383
0.987597 0.9753 0.000154069
0.987609 0.975325 0.000153756
0.987622 0.97535 0.000153443
0.987634 0.975374 0.000153132
0.987647 0.975399 0.00015282
0.987659 0.975424 0.00015251
0.987672 0.975449 0.000152199
0.987685 0.975474 0.00015189
0.987697 0.975499 0.000151581
0.98771 0.975523 0.000151273
0.987722 0.975548 0.000150965
0.987735 0.975573 0.000150658
0.987747 0.975598 0.000150352
0.98776 0.975622 0.000150046
0.987772 0.975647 0.00014974
0.987784 0.975672 0.000149436
0.987797 0.975696 0.000149132
0.987809 0.975721 0.000148828
0.987822 0.975745 0.000148525
0.987834 0.97577 0.000148223
0.987847 0.975794 0.000147921
0.987859 0.975819 0.00014762
0.987871 0.975843 0.000147319
0.987884 0.975868 0.00014702
0.987896 0.975892 0.00014672
0.987908 0.975917 0.000146421
0.987921 0.975941 0.000146123
0.987933 0.975966 0.000145826
0.987945 0.97599 0.000145529
0.987957 0.976014 0.000145232
0.98797 0.976038 0.000144936
0.987982 0.976063 0.000144641
0.987994 0.976087 0.000144346
0.988007 0.976111 0.000144052
0.988019 0.976135 0.000143758
0.988031 0.97616 0.000143465
0.988043 0.976184 0.000143173
0.988055 0.976208 0.000142881
0.988068 0.976232 0.00014259
0.98808 0.976256 0.000142299
0.988092 0.97628 0.000142009
0.988104 0.976304 0.000141719
0.988116 0.976328 0.00014143
0.988128 0.976352 0.000141142
0.98814 0.976376 0.000140854
0.988152 0.9764 0.000140567
0.988165 0.976424 0.00014028
0.988177 0.976448 0.000139994
0.988189 0.976472 0.000139708
0.988201 0.976496 0.000139423
0.988213 0.97652 0.000139139
0.988225 0.976544 0.000138855
0.988237 0.976567 0.000138571
0.988249 0.976591 0.000138289
0.988261 0.976615 0.000138006
0.988273 0.976639 0.000137724
0.988285 0.976662 0.000137443
0.988297 0.976686 0.000137163
0.988309 0.97671 0.000136883
0.988321 0.976733 0.000136603
0.988333 0.976757 0.000136324
0.988345 0.976781 0.000136046
0.988356 0.976804 0.000135768
0.988368 0.976828 0.00013549
0.98838 0.976851 0.000135214
0.988392 0.976875 0.000134937
0.988404 0.976898 0.000134662
0.988416 0.976922 0.000134386
0.988428 0.976945 0.000134112
0.98844 0.976969 0.000133838
0.988451 0.976992 0.000133564
0.988463 0.977016 0.000133291
0.988475 0.977039 0.000133019
0.988487 0.977062 0.000132747
0.988499 0.977086 0.000132475
0.98851 0.977109 0.000132204
0.988522 0.977132 0.000131934
0.988534 0.977155 0.000131664
0.988546 0.977179 0.000131395
0.988557 0.977202 0.000131126
0.988569 0.977225 0.000130858
0.988581 0.977248 0.00013059
0.988592 0.977271 0.000130323
0.988604 0.977295 0.000130056
0.988616 0.977318 0.00012979
0.988627 0.977341 0.000129524
0.988639 0.977364 0.000129259
0.988651 0.977387 0.000128995
0.988662 0.97741 0.000128731
0.988674 0.977433 0.000128467
0.988685 0.977456 0.000128204
0.988697 0.977479 0.000127942
0.988709 0.977502 0.00012768
0.98872 0.977525 0.000127418
0.988732 0.977548 0.000127157
0.988743 0.977571 0.000126897
0.988755 0.977593 0.000126637
0.988766 0.977616 0.000126377
0.988778 0.977639 0.000126118
0.988789 0.977662 0.00012586
0.988801 0.977685 0.000125602
0.988812 0.977707 0.000125345
0.988824 0.97773 0.000125088
0.988835 0.977753 0.000124831
0.988847 0.977775 0.000124575
0.988858 0.977798 0.00012432
0.98887 0.977821 0.000124065
0.988881 0.977843 0.000123811
0.988892 0.977866 0.000123557
0.988904 0.977889 0.000123304
0.988915 0.977911 0.000123051
0.988927 0.977934 0.000122798
0.988938 0.977956 0.000122546
0.988949 0.977979 0.000122295
0.988961 0.978001 0.000122044
0.988972 0.978024 0.000121794
0.988983 0.978046 0.000121544
0.988995 0.978068 0.000121294
