0 0 1
0.1 0 0.82
0.157346 0.1 1.2762
0.250818 0.000871646 0.946145
0.19414 0.0641557 0.71945
0.234398 0.0380921 0.61454
0.233864 0.0544628 0.58697
0.250226 0.0546856 0.568445
0.257851 0.0623649 0.552484
0.269214 0.0663549 0.537795
0.277791 0.0722695 0.523985
0.287369 0.0769972 0.510961
0.295676 0.0823783 0.498618
0.304253 0.0872355 0.48691
0.312071 0.0923635 0.475771
0.319931 0.0971883 0.465164
0.327249 0.102144 0.455042
0.334537 0.106884 0.445372
0.341389 0.111698 0.436119
0.348199 0.116332 0.427256
0.354627 0.12102 0.418753
0.361028 0.125541 0.410589
0.367071 0.130115 0.40274
0.373121 0.134518 0.395187
0.378807 0.138989 0.387912
0.38456 0.143269 0.380898
0.389905 0.147651 0.374129
0.395419 0.1518 0.367594
0.40042 0.156117 0.361277
0.40577 0.160111 0.355169
0.410384 0.164403 0.349256
0.415693 0.168195 0.343536
0.419797 0.172544 0.337994
0.425306 0.176022 0.332638
0.428581 0.180606 0.327466
0.434828 0.183504 0.322524
0.436464 0.188747 0.31788
0.444764 0.190397 0.31379
0.442649 0.197359 0.310842
0.456331 0.196026 0.31049
0.44497 0.207412 0.316919
0.471678 0.198669 0.335822
0.440389 0.220263 0.382442
0.486814 0.197046 0.422894
0.43899 0.230276 0.455837
0.486961 0.200447 0.397781
0.451411 0.228415 0.361677
0.482081 0.20995 0.318651
0.464164 0.22654 0.299424
0.480955 0.218372 0.286168
0.473189 0.227863 0.279094
0.48278 0.224965 0.274097
0.47995 0.230899 0.270482
0.48603 0.230498 0.267445
0.485577 0.234684 0.264753
0.4899 0.235488 0.262239
0.49062 0.238786 0.259838
0.494021 0.24019 0.25751
0.495334 0.243013 0.255236
0.498223 0.244723 0.253007
0.499842 0.247279 0.250815
0.502426 0.249149 0.248658
0.504202 0.251544 0.246532
0.506594 0.253495 0.244437
0.508447 0.255786 0.242371
0.510709 0.257778 0.240333
0.512594 0.259998 0.238323
0.514762 0.262005 0.236341
0.516655 0.264172 0.234384
0.518751 0.266183 0.232453
0.520636 0.268308 0.230548
0.522672 0.270313 0.228667
0.524543 0.272404 0.226811
0.526529 0.274399 0.224978
0.528378 0.27646 0.223169
0.53032 0.278441 0.221382
0.532146 0.280476 0.219618
0.534048 0.282442 0.217876
0.535849 0.284452 0.216156
0.537715 0.286401 0.214456
0.539488 0.288389 0.212778
0.541321 0.290321 0.21112
0.543067 0.292288 0.209481
0.544869 0.294201 0.207863
0.546588 0.296148 0.206264
0.54836 0.298043 0.204684
0.550051 0.299971 0.203123
0.551796 0.301847 0.201579
0.553459 0.303757 0.200054
0.555179 0.305614 0.198547
0.556813 0.307507 0.197057
0.558509 0.309344 0.195584
0.560115 0.311221 0.194128
0.56179 0.313039 0.192688
0.563365 0.314901 0.191265
0.565021 0.316698 0.189857
0.566566 0.318546 0.188466
0.568206 0.320322 0.187089
0.569717 0.322159 0.185728
0.571345 0.323911 0.184382
0.572821 0.325739 0.183051
0.574441 0.327465 0.181734
0.575876 0.329288 0.180431
0.577496 0.330985 0.179143
0.578883 0.332806 0.177868
0.580512 0.33447 0.176607
0.581842 0.336297 0.17536
0.583494 0.337919 0.174125
0.584749 0.339761 0.172905
0.586446 0.341331 0.171697
0.587603 0.343202 0.170502
0.589374 0.344702 0.169321
0.590394 0.346624 0.168154
0.59229 0.348027 0.167
0.593114 0.350036 0.165862
0.595211 0.351299 0.164741
0.59574 0.353449 0.163638
0.598163 0.354502 0.16256
0.598241 0.356883 0.161512
0.601191 0.357612 0.160507
0.600557 0.360368 0.159564
0.604369 0.360585 0.158711
0.602589 0.363959 0.158007
0.607819 0.363349 0.15752
0.604169 0.367742 0.157423
0.611733 0.36578 0.15787
0.605026 0.371849 0.159359
0.616365 0.367687 0.162108
0.604826 0.376434 0.167441
0.62184 0.368854 0.174799
0.603524 0.381479 0.186906
0.627472 0.369364 0.198104
0.602355 0.386238 0.212908
0.631184 0.370231 0.215333
0.603732 0.389142 0.217792
0.631636 0.372811 0.20409
0.608035 0.389883 0.194345
0.630337 0.376825 0.178674
0.613236 0.389977 0.168961
0.629198 0.381082 0.159419
0.617893 0.390502 0.153593
0.628873 0.384969 0.148786
0.621732 0.391632 0.145669
0.629295 0.388413 0.143197
0.624914 0.393222 0.141421
0.63024 0.391511 0.139963
0.627644 0.395109 0.138787
0.631521 0.394368 0.137758
0.630076 0.39718 0.136847
0.633008 0.397064 0.136005
0.632312 0.399361 0.135215
0.634622 0.39965 0.134459
0.634418 0.401605 0.133728
0.63631 0.402161 0.133015
0.636432 0.403885 0.132316
0.63804 0.404618 0.131629
0.638382 0.406182 0.13095
0.639793 0.407034 0.130278
0.640283 0.408487 0.129614
0.641556 0.409419 0.128955
0.642147 0.410792 0.128302
0.64332 0.411777 0.127655
0.64398 0.413092 0.127012
0.64508 0.414114 0.126374
0.645788 0.415385 0.125741
0.646832 0.416431 0.125112
0.647573 0.417668 0.124488
0.648575 0.41873 0.123868
0.649338 0.419941 0.123252
0.650307 0.421013 0.122641
0.651084 0.422203 0.122034
0.652026 0.42328 0.121431
0.652813 0.424452 0.120832
0.653734 0.425533 0.120237
0.654526 0.42669 0.119646
0.655428 0.427771 0.119059
0.656223 0.428915 0.118476
0.657109 0.429995 0.117897
0.657904 0.431128 0.117322
0.658776 0.432206 0.116751
0.659571 0.433328 0.116183
0.660431 0.434403 0.115619
0.661223 0.435516 0.115059
0.662072 0.436587 0.114502
0.662861 0.437692 0.113949
0.6637 0.438759 0.1134
0.664485 0.439855 0.112854
0.665315 0.440917 0.112312
0.666096 0.442005 0.111774
0.666917 0.443063 0.111239
0.667693 0.444144 0.110707
0.668506 0.445196 0.110179
0.669277 0.44627 0.109654
0.670083 0.447317 0.109132
0.670849 0.448384 0.108614
0.671647 0.449426 0.108099
0.672408 0.450487 0.107587
0.673199 0.451523 0.107079
0.673954 0.452577 0.106574
0.674739 0.453608 0.106072
0.675488 0.454656 0.105573
0.676266 0.455681 0.105077
0.67701 0.456723 0.104585
0.677782 0.457742 0.104095
0.678519 0.458779 0.103609
0.679286 0.459792 0.103126
0.680017 0.460823 0.102645
0.680778 0.461831 0.102168
0.681503 0.462856 0.101693
0.682259 0.463857 0.101222
0.682978 0.464877 0.100753
0.683729 0.465873 0.100287
0.684441 0.466888 0.0998244
0.685188 0.467877 0.0993643
0.685893 0.468887 0.098907
0.686636 0.469871 0.0984525
0.687334 0.470876 0.0980008
0.688073 0.471853 0.0975518
0.688764 0.472854 0.0971056
0.689499 0.473824 0.096662
0.690183 0.474821 0.0962211
0.690915 0.475785 0.0957828
0.691591 0.476778 0.0953472
0.692321 0.477734 0.0949142
0.692988 0.478724 0.0944838
0.693716 0.479673 0.094056
0.694375 0.48066 0.0936307
0.695102 0.481601 0.0932079
0.69575 0.482586 0.0927876
0.696479 0.483518 0.0923698
0.697115 0.484502 0.0919545
0.697846 0.485425 0.0915417
0.69847 0.486408 0.0911313
0.699204 0.487321 0.0907233
0.699813 0.488305 0.0903177
0.700553 0.489206 0.0899145
0.701145 0.490192 0.0895136
0.701895 0.49108 0.0891151
0.702466 0.492071 0.088719
0.703228 0.492943 0.0883252
0.703775 0.493941 0.0879337
0.704555 0.494795 0.0875446
0.705072 0.495803 0.0871578
0.705876 0.496635 0.0867733
0.706356 0.497657 0.0863911
0.707193 0.498462 0.0860114
0.707625 0.499505 0.085634
0.708506 0.500277 0.0852592
0.708877 0.501348 0.0848868
0.709819 0.502076 0.0845171
0.710111 0.503187 0.0841503
0.711135 0.50386 0.0837864
0.711323 0.505024 0.0834259
0.712457 0.505625 0.0830691
0.712508 0.506862 0.0827166
0.713791 0.507368 0.0823691
0.713658 0.508706 0.0820278
0.715147 0.509084 0.0816939
0.714765 0.510561 0.0813697
0.716535 0.510767 0.0810576
0.715814 0.512435 0.080762
0.717972 0.512406 0.0804871
0.716784 0.514339 0.0802423
0.719482 0.513988 0.0800344
0.717648 0.516289 0.0798835
0.721094 0.515492 0.0797999
0.718366 0.518306 0.0798263
0.722853 0.516891 0.0799753
0.718885 0.520418 0.0803382
0.72481 0.518147 0.0809168
0.719138 0.522657 0.0819048
0.727017 0.519217 0.083238
0.719066 0.52505 0.0853138
0.729495 0.520063 0.0878163
0.71866 0.527591 0.0915144
0.732157 0.52069 0.0953433
0.718067 0.530183 0.100693
0.734705 0.521221 0.104866
0.717687 0.532575 0.110325
0.73664 0.521936 0.112218
0.718067 0.534423 0.114842
0.737563 0.523154 0.112323
0.719481 0.53555 0.110723
0.737541 0.524966 0.104984
0.721681 0.536132 0.100896
0.73703 0.527172 0.0948861
0.724172 0.53652 0.0907115
0.736483 0.529489 0.0861302
0.726578 0.536977 0.0829701
0.736142 0.531732 0.07997
0.728741 0.537611 0.0778671
0.736071 0.53383 0.0760117
0.730639 0.538428 0.0746662
0.736249 0.535779 0.0735136
0.732307 0.5394 0.0726371
0.736627 0.537599 0.0718858
0.733793 0.54049 0.0712817
0.737155 0.539316 0.0707532
0.73514 0.541666 0.0703033
0.737794 0.540955 0.0698978
0.736384 0.542903 0.0695348
0.738512 0.542533 0.0691977
0.73755 0.544183 0.0688842
0.739287 0.544066 0.0685859
0.738658 0.545493 0.068301
0.740103 0.545564 0.0680255
0.739722 0.546823 0.0677578
0.740947 0.547034 0.067496
0.740753 0.548166 0.0672391
0.74181 0.548482 0.0669861
0.741757 0.549518 0.0667364
0.742686 0.549913 0.0664894
0.742741 0.550874 0.0662447
0.743571 0.551328 0.0660021
0.743708 0.552232 0.0657614
0.744462 0.552732 0.0655223
0.74466 0.55359 0.0652847
0.745355 0.554124 0.0650485
0.745602 0.554947 0.0648136
0.746249 0.555508 0.06458
0.746533 0.556301 0.0643476
0.747142 0.556882 0.0641164
0.747455 0.557653 0.0638863
0.748035 0.558249 0.0636573
0.74837 0.559001 0.0634294
0.748925 0.559608 0.0632026
0.749277 0.560345 0.0629768
0.749812 0.560961 0.062752
0.750178 0.561684 0.0625283
0.750697 0.562307 0.0623055
0.751073 0.563019 0.0620838
0.751578 0.563647 0.061863
0.751962 0.56435 0.0616433
0.752455 0.56498 0.0614245
0.752845 0.565675 0.0612067
0.753328 0.566308 0.0609898
0.753724 0.566996 0.0607739
0.754198 0.56763 0.0605589
0.754597 0.568311 0.0603449
0.755064 0.568946 0.0601318
0.755465 0.569622 0.0599196
0.755925 0.570257 0.0597084
0.756328 0.570927 0.0594981
0.756783 0.571562 0.0592887
0.757186 0.572228 0.0590802
0.757636 0.572862 0.0588726
0.75804 0.573523 0.0586659
0.758485 0.574157 0.0584601
0.75889 0.574814 0.0582552
0.75933 0.575446 0.0580511
0.759734 0.576099 0.057848
0.760171 0.57673 0.0576457
0.760575 0.577379 0.0574443
0.761008 0.578009 0.0572437
0.761411 0.578655 0.057044
0.76184 0.579282 0.0568452
0.762242 0.579925 0.0566472
0.762669 0.580551 0.05645
0.76307 0.58119 0.0562537
0.763493 0.581814 0.0560582
0.763893 0.582451 0.0558636
0.764313 0.583072 0.0556698
0.764712 0.583706 0.0554768
0.76513 0.584326 0.0552846
0.765527 0.584956 0.0550932
0.765942 0.585574 0.0549027
0.766337 0.586202 0.0547129
0.76675 0.586817 0.054524
0.767144 0.587443 0.0543358
0.767554 0.588056 0.0541484
0.767947 0.588679 0.0539618
0.768355 0.58929 0.0537761
0.768745 0.58991 0.053591
0.769151 0.590519 0.0534068
0.76954 0.591136 0.0532233
0.769943 0.591743 0.0530406
0.770331 0.592357 0.0528587
0.770732 0.592962 0.0526775
0.771117 0.593574 0.0524971
0.771517 0.594176 0.0523174
0.7719 0.594786 0.0521384
0.772298 0.595386 0.0519603
0.77268 0.595993 0.0517828
0.773075 0.596591 0.0516061
0.773455 0.597196 0.0514301
0.773848 0.597791 0.0512548
0.774226 0.598394 0.0510803
0.774618 0.598987 0.0509065
0.774994 0.599588 0.0507334
0.775384 0.600178 0.050561
0.775758 0.600776 0.0503893
0.776146 0.601365 0.0502184
0.776518 0.601961 0.0500481
0.776905 0.602547 0.0498785
0.777275 0.60314 0.0497096
0.77766 0.603724 0.0495415
0.778028 0.604316 0.049374
0.778411 0.604897 0.0492071
0.778777 0.605486 0.049041
0.779159 0.606065 0.0488755
0.779523 0.606653 0.0487108
0.779903 0.607229 0.0485466
0.780265 0.607815 0.0483832
0.780644 0.608389 0.0482204
0.781004 0.608972 0.0480583
0.781381 0.609544 0.0478968
0.781739 0.610125 0.047736
0.782115 0.610694 0.0475758
0.782471 0.611274 0.0474163
0.782846 0.61184 0.0472574
0.783199 0.612418 0.0470992
0.783573 0.612982 0.0469416
0.783923 0.613559 0.0467846
0.784296 0.61412 0.0466283
0.784644 0.614695 0.0464726
0.785017 0.615253 0.0463175
0.785362 0.615826 0.046163
0.785734 0.616382 0.0460092
0.786076 0.616954 0.0458559
0.786448 0.617506 0.0457033
0.786787 0.618077 0.0455513
0.787159 0.618626 0.0453999
0.787495 0.619196 0.0452491
0.787866 0.619742 0.0450989
0.788199 0.620311 0.0449493
0.78857 0.620854 0.0448003
0.788899 0.621422 0.0446519
0.789272 0.621962 0.0445041
0.789597 0.622529 0.0443568
0.78997 0.623065 0.0442101
0.79029 0.623632 0.0440641
0.790665 0.624164 0.0439186
0.790981 0.624731 0.0437736
0.791358 0.625259 0.0436293
0.791667 0.625826 0.0434855
0.792047 0.626349 0.0433423
0.792351 0.626917 0.0431997
0.792734 0.627435 0.0430576
0.79303 0.628005 0.0429161
0.793419 0.628517 0.0427751
0.793706 0.629089 0.0426347
0.7941 0.629594 0.0424948
0.794379 0.630169 0.0423556
0.79478 0.630668 0.0422168
0.795047 0.631246 0.0420786
0.795457 0.631736 0.041941
0.795712 0.632319 0.0418039
0.796132 0.6328 0.0416674
0.796372 0.633389 0.0415315
0.796806 0.633859 0.0413961
0.797028 0.634457 0.0412612
0.797479 0.634914 0.041127
0.797678 0.635521 0.0409933
0.79815 0.635963 0.0408602
0.798324 0.636583 0.0407277
0.798821 0.637007 0.0405958
0.798964 0.637643 0.0404646
0.799492 0.638045 0.040334
0.799597 0.638701 0.0402042
0.800164 0.639077 0.040075
0.800224 0.639757 0.0399467
0.800839 0.640102 0.0398192
0.800841 0.640814 0.0396926
0.801516 0.641119 0.0395671
0.801449 0.64187 0.0394427
0.802199 0.642129 0.0393197
0.802045 0.642928 0.0391982
0.802888 0.643128 0.0390784
0.802628 0.643989 0.0389608
0.803587 0.644117 0.0388456
0.803193 0.645055 0.0387335
0.804299 0.645091 0.0386249
0.803737 0.646127 0.0385209
0.805029 0.64605 0.0384222
0.804255 0.64721 0.0383306
0.805781 0.64699 0.0382469
0.804742 0.648305 0.0381744
0.806564 0.647906 0.038114
0.805187 0.649419 0.0380716
0.807385 0.648792 0.0380479
0.805581 0.650557 0.0380532
0.808256 0.649642 0.0380872
0.805912 0.651726 0.0381686
0.80919 0.650446 0.0382935
0.806162 0.652934 0.0384953
0.810202 0.651194 0.0387614
0.806315 0.654191 0.0391516
0.811307 0.651874 0.0396313
0.806353 0.655504 0.0403073
0.812517 0.652474 0.0410942
0.806264 0.656878 0.0421799
0.81383 0.652987 0.0433689
0.806054 0.658307 0.0449839
0.815221 0.65342 0.0466093
0.805761 0.659764 0.0487823
0.816619 0.6538 0.0506998
0.805474 0.661191 0.0532238
0.817904 0.654192 0.0549893
0.805335 0.662501 0.0573177
0.818928 0.654688 0.0582422
0.805498 0.663597 0.0596424
0.819569 0.655378 0.0591725
0.806061 0.66442 0.0591803
0.819804 0.656307 0.0573425
0.807003 0.664986 0.056104
0.81972 0.657451 0.0534945
0.808211 0.665377 0.0515988
0.81946 0.658733 0.0489307
0.809537 0.665692 0.0469727
0.81916 0.66007 0.0446994
0.810863 0.666013 0.0430236
0.81891 0.661398 0.0412865
0.812118 0.666387 0.0399945
0.818755 0.66268 0.0387469
0.813272 0.666831 0.0378053
0.818706 0.663902 0.036935
0.81432 0.667346 0.0362651
0.81876 0.665064 0.0356613
0.815272 0.667926 0.035185
0.818902 0.666169 0.0347605
0.816141 0.668559 0.0344159
0.819118 0.667225 0.0341088
0.81694 0.669236 0.0338516
0.819393 0.668241 0.0336203
0.817682 0.669947 0.0334203
0.819717 0.669223 0.033238
0.818378 0.670685 0.0330753
0.820078 0.670177 0.0329245
0.819037 0.671444 0.0327861
0.820469 0.671109 0.0326558
0.819667 0.672219 0.0325334
0.820882 0.672022 0.0324164
0.820272 0.673006 0.0323047
0.821314 0.67292 0.0321965
0.820858 0.673802 0.0320919
0.82176 0.673805 0.0319898
0.821428 0.674605 0.03189
0.822216 0.67468 0.031792
0.821984 0.675412 0.0316956
0.82268 0.675545 0.0316005
0.82253 0.676223 0.0315066
0.82315 0.676402 0.0314137
0.823067 0.677035 0.0313216
0.823625 0.677253 0.0312303
0.823596 0.677849 0.0311397
0.824104 0.678098 0.0310496
0.824119 0.678663 0.0309601
0.824584 0.678937 0.0308711
0.824636 0.679477 0.0307826
0.825067 0.679772 0.0306945
0.825148 0.680291 0.0306068
0.82555 0.680602 0.0305195
0.825655 0.681103 0.0304325
0.826033 0.681428 0.0303459
0.826159 0.681915 0.0302596
0.826517 0.682251 0.0301737
0.826659 0.682725 0.0300881
0.827 0.68307 0.0300028
0.827156 0.683533 0.0299178
0.827483 0.683886 0.0298331
0.82765 0.684339 0.0297487
0.827965 0.684698 0.0296646
0.828142 0.685144 0.0295808
0.828446 0.685508 0.0294973
0.828631 0.685946 0.029414
0.828925 0.686314 0.029331
0.829117 0.686747 0.0292483
0.829404 0.687118 0.0291659
0.829601 0.687545 0.0290838
0.829881 0.687919 0.0290019
0.830083 0.688341 0.0289203
0.830358 0.688717 0.0288389
0.830563 0.689135 0.0287579
0.830832 0.689512 0.028677
0.831041 0.689927 0.0285965
0.831305 0.690305 0.0285162
0.831516 0.690716 0.0284362
0.831777 0.691095 0.0283564
0.83199 0.691504 0.0282769
0.832247 0.691883 0.0281976
0.832462 0.692288 0.0281186
0.832716 0.692668 0.0280399
0.832932 0.693071 0.0279614
0.833183 0.693451 0.0278831
0.8334 0.693851 0.0278051
0.833649 0.694231 0.0277274
0.833867 0.694629 0.0276499
0.834113 0.695009 0.0275727
0.834331 0.695405 0.0274957
0.834575 0.695784 0.0274189
0.834794 0.696178 0.0273424
0.835036 0.696557 0.0272662
0.835255 0.696949 0.0271902
0.835495 0.697327 0.0271144
0.835714 0.697718 0.0270389
0.835953 0.698095 0.0269636
0.836172 0.698484 0.0268885
0.836409 0.698861 0.0268137
0.836628 0.699248 0.0267392
0.836863 0.699624 0.0266648
0.837082 0.70001 0.0265907
0.837316 0.700385 0.0265169
0.837535 0.700769 0.0264432
0.837767 0.701144 0.0263698
0.837986 0.701527 0.0262967
0.838217 0.7019 0.0262237
0.838435 0.702282 0.026151
0.838665 0.702655 0.0260786
0.838883 0.703034 0.0260063
0.839112 0.703406 0.0259343
0.839329 0.703785 0.0258625
0.839557 0.704156 0.025791
0.839774 0.704533 0.0257197
0.84 0.704903 0.0256485
0.840217 0.705279 0.0255777
0.840442 0.705648 0.025507
0.840658 0.706022 0.0254366
0.840883 0.706391 0.0253664
0.841098 0.706764 0.0252964
0.841321 0.707131 0.0252266
0.841536 0.707503 0.025157
0.841759 0.707869 0.0250877
0.841973 0.70824 0.0250186
0.842194 0.708605 0.0249497
0.842408 0.708975 0.024881
0.842629 0.709339 0.0248125
0.842842 0.709707 0.0247443
0.843061 0.710071 0.0246762
0.843274 0.710438 0.0246084
0.843492 0.7108 0.0245408
0.843704 0.711166 0.0244734
0.843922 0.711527 0.0244062
0.844133 0.711892 0.0243392
0.84435 0.712252 0.0242724
0.844561 0.712616 0.0242058
0.844777 0.712975 0.0241395
0.844987 0.713338 0.0240733
0.845202 0.713696 0.0240074
0.845412 0.714057 0.0239416
0.845626 0.714414 0.0238761
0.845835 0.714775 0.0238107
0.846048 0.715131 0.0237456
0.846256 0.71549 0.0236807
0.846469 0.715845 0.0236159
0.846676 0.716203 0.0235514
0.846888 0.716557 0.0234871
0.847095 0.716914 0.0234229
0.847306 0.717267 0.023359
0.847512 0.717623 0.0232953
0.847723 0.717975 0.0232317
0.847928 0.71833 0.0231684
0.848138 0.718681 0.0231052
0.848342 0.719035 0.0230423
0.848552 0.719385 0.0229795
0.848755 0.719737 0.022917
0.848964 0.720086 0.0228546
0.849167 0.720438 0.0227924
0.849375 0.720786 0.0227304
0.849577 0.721137 0.0226686
0.849784 0.721484 0.022607
0.849986 0.721833 0.0225456
0.850192 0.722179 0.0224844
0.850393 0.722528 0.0224233
0.850599 0.722872 0.0223625
0.850799 0.72322 0.0223018
0.851004 0.723564 0.0222413
0.851203 0.72391 0.022181
0.851408 0.724253 0.0221209
0.851606 0.724599 0.022061
0.85181 0.72494 0.0220012
0.852008 0.725285 0.0219417
0.852211 0.725626 0.0218823
0.852408 0.725969 0.0218231
0.852611 0.726309 0.0217641
0.852807 0.726651 0.0217052
0.853009 0.72699 0.0216466
0.853205 0.727332 0.0215881
0.853406 0.727669 0.0215298
0.853601 0.72801 0.0214717
0.853802 0.728347 0.0214137
0.853996 0.728686 0.0213559
0.854196 0.729022 0.0212983
0.85439 0.729361 0.0212409
0.854589 0.729695 0.0211837
0.854782 0.730033 0.0211266
0.854981 0.730366 0.0210697
0.855173 0.730704 0.021013
0.855371 0.731036 0.0209564
0.855563 0.731372 0.0209
0.855761 0.731703 0.0208438
0.855951 0.732039 0.0207878
0.856148 0.732369 0.0207319
0.856338 0.732703 0.0206762
0.856535 0.733032 0.0206207
0.856723 0.733366 0.0205653
0.85692 0.733694 0.0205101
0.857108 0.734027 0.0204551
0.857304 0.734353 0.0204002
0.857491 0.734685 0.0203455
0.857687 0.735011 0.0202909
0.857873 0.735342 0.0202366
0.858068 0.735667 0.0201824
0.858253 0.735997 0.0201283
0.858448 0.736321 0.0200744
0.858632 0.736651 0.0200207
0.858827 0.736973 0.0199671
0.85901 0.737302 0.0199137
0.859205 0.737623 0.0198605
0.859387 0.737951 0.0198074
0.859581 0.738271 0.0197545
0.859762 0.738599 0.0197017
0.859956 0.738917 0.0196491
0.860136 0.739245 0.0195967
0.86033 0.739562 0.0195444
0.860509 0.739888 0.0194922
0.860703 0.740204 0.0194403
0.86088 0.74053 0.0193884
0.861075 0.740845 0.0193368
0.861251 0.741171 0.0192853
0.861445 0.741484 0.0192339
0.86162 0.741809 0.0191827
0.861815 0.742121 0.0191316
0.861987 0.742446 0.0190807
0.862183 0.742756 0.01903
0.862354 0.74308 0.0189794
0.86255 0.743389 0.0189289
0.862719 0.743713 0.0188786
0.862915 0.744021 0.0188285
0.863083 0.744345 0.0187785
0.86328 0.74465 0.0187286
0.863446 0.744974 0.0186789
0.863644 0.745278 0.0186294
0.863807 0.745602 0.01858
0.864006 0.745904 0.0185307
0.864167 0.746228 0.0184816
0.864367 0.746527 0.0184326
0.864526 0.746852 0.0183838
0.864728 0.74715 0.0183351
0.864883 0.747475 0.0182866
0.865087 0.74777 0.0182382
0.865239 0.748096 0.01819
0.865446 0.748388 0.0181419
0.865594 0.748715 0.0180939
0.865803 0.749004 0.0180461
0.865947 0.749333 0.0179984
0.86616 0.749619 0.0179509
0.866299 0.749949 0.0179035
0.866515 0.750232 0.0178563
0.866649 0.750564 0.0178092
0.86687 0.750842 0.0177622
0.866998 0.751177 0.0177154
0.867224 0.751451 0.0176687
0.867346 0.751788 0.0176222
0.867578 0.752057 0.0175758
0.867691 0.752398 0.0175296
0.86793 0.752662 0.0174835
0.868036 0.753007 0.0174375
0.868283 0.753265 0.0173917
0.868378 0.753614 0.0173461
0.868634 0.753865 0.0173006
0.868718 0.754221 0.0172552
0.868986 0.754463 0.01721
0.869057 0.754826 0.017165
0.869337 0.755059 0.0171201
0.869393 0.75543 0.0170754
0.869689 0.755652 0.0170309
0.869727 0.756033 0.0169865
0.870041 0.756243 0.0169423
0.870058 0.756635 0.0168984
0.870393 0.756832 0.0168546
0.870386 0.757236 0.016811
0.870746 0.757417 0.0167677
0.870711 0.757838 0.0167246
0.8711 0.757999 0.0166818
0.871033 0.758439 0.0166393
0.871456 0.758578 0.0165971
0.87135 0.75904 0.0165552
0.871814 0.759154 0.0165137
0.871663 0.759642 0.0164727
0.872175 0.759725 0.0164322
0.871971 0.760244 0.0163922
0.872539 0.760292 0.0163529
0.872272 0.760848 0.0163143
0.872908 0.760854 0.0162766
0.872567 0.761454 0.0162398
0.873282 0.76141 0.0162042
0.872853 0.762062 0.0161699
0.873663 0.76196 0.0161371
0.87313 0.762674 0.0161063
0.874053 0.762503 0.0160774
0.873395 0.763291 0.0160513
0.874452 0.763036 0.0160279
0.873646 0.763913 0.0160084
0.874864 0.76356 0.0159926
0.873881 0.764543 0.0159824
0.875291 0.764072 0.0159773
0.874098 0.765181 0.0159802
0.875736 0.764571 0.0159902
0.874291 0.765831 0.0160116
0.876203 0.765053 0.0160429
0.874458 0.766493 0.0160907
0.876696 0.765517 0.0161518
0.874593 0.767172 0.0162368
0.877219 0.765958 0.0163395
0.874692 0.767869 0.0164768
0.877778 0.766373 0.016637
0.874748 0.768588 0.0168469
0.878378 0.766759 0.0170849
0.874756 0.769331 0.0173935
0.879021 0.767112 0.0177339
0.874713 0.7701 0.0181729
0.879709 0.76743 0.0186417
0.874618 0.770893 0.0192445
0.880439 0.767712 0.0198628
0.874476 0.771708 0.0206564
0.8812 0.767962 0.0214271
0.8743 0.772533 0.0224156
0.88197 0.76819 0.0233045
0.874117 0.773353 0.0244465
0.882715 0.768413 0.0253621
0.873965 0.774143 0.02655
0.883392 0.768659 0.027338
0.873895 0.774872 0.0283989
0.88395 0.768957 0.0288708
0.873954 0.775509 0.0296073
0.884352 0.769337 0.0296085
0.874177 0.776036 0.0298742
0.88458 0.769818 0.0293581
0.874572 0.776448 0.0291235
0.884644 0.7704 0.0281786
0.875118 0.776761 0.0275398
0.88458 0.77107 0.0263459
0.875775 0.777002 0.0254715
0.884435 0.771801 0.024222
0.876496 0.777204 0.0232807
0.884254 0.772565 0.0221211
0.877237 0.777396 0.0212353
0.884074 0.773338 0.0202438
0.877966 0.777597 0.0194787
0.883921 0.774103 0.0186769
0.878665 0.777822 0.018052
0.883807 0.774848 0.0174274
0.879321 0.778076 0.0169351
0.883738 0.775568 0.0164594
0.879933 0.77836 0.01608
0.883714 0.776261 0.0157219
0.8805 0.778674 0.0154325
0.883733 0.776928 0.0151638
0.881026 0.779014 0.0149434
0.883791 0.77757 0.0147408
0.881515 0.779378 0.014572
0.883882 0.778191 0.0144175
0.881972 0.779762 0.0142866
0.884002 0.778792 0.0141669
0.882402 0.780163 0.0140635
0.884146 0.779376 0.0139686
0.882807 0.780578 0.0138852
0.884311 0.779946 0.0138082
0.883193 0.781005 0.0137391
0.884493 0.780503 0.0136748
0.883561 0.781441 0.013616
0.88469 0.78105 0.0135609
0.883914 0.781885 0.0135096
0.884898 0.781587 0.013461
0.884255 0.782336 0.0134152
0.885117 0.782116 0.0133713
0.884586 0.782792 0.0133294
0.885343 0.782638 0.0132889
0.884908 0.783252 0.0132499
0.885577 0.783154 0.013212
0.885221 0.783715 0.0131751
0.885816 0.783665 0.013139
0.885529 0.784181 0.0131037
0.886059 0.784171 0.013069
0.88583 0.784649 0.0130349
0.886306 0.784673 0.0130013
0.886127 0.785118 0.0129681
0.886557 0.785171 0.0129353
0.886419 0.785588 0.0129028
0.886809 0.785666 0.0128707
0.886708 0.786059 0.0128387
0.887064 0.786158 0.0128071
0.886994 0.78653 0.0127756
0.88732 0.786647 0.0127444
0.887276 0.787002 0.0127133
0.887578 0.787134 0.0126824
0.887556 0.787473 0.0126516
0.887836 0.787618 0.012621
0.887834 0.787944 0.0125905
0.888095 0.788101 0.0125602
0.88811 0.788415 0.0125299
0.888354 0.788581 0.0124998
0.888383 0.788886 0.0124698
0.888614 0.78906 0.0124399
0.888655 0.789355 0.0124101
0.888874 0.789537 0.0123804
0.888926 0.789825 0.0123508
0.889134 0.790012 0.0123212
0.889195 0.790293 0.0122918
0.889394 0.790485 0.0122625
0.889463 0.79076 0.0122332
0.889653 0.790957 0.012204
0.889729 0.791227 0.0121749
0.889912 0.791428 0.0121459
0.889994 0.791693 0.012117
0.890171 0.791897 0.0120882
0.890258 0.792158 0.0120594
0.89043 0.792364 0.0120307
0.890521 0.792622 0.0120021
0.890688 0.792831 0.0119736
0.890783 0.793085 0.0119451
0.890946 0.793296 0.0119167
0.891045 0.793547 0.0118884
0.891203 0.793759 0.0118602
0.891305 0.794008 0.011832
0.89146 0.794221 0.0118039
0.891564 0.794467 0.0117759
0.891716 0.794683 0.011748
0.891822 0.794926 0.0117201
0.891971 0.795142 0.0116923
0.89208 0.795384 0.0116646
0.892226 0.795601 0.011637
0.892336 0.795841 0.0116094
0.892481 0.796058 0.0115819
0.892592 0.796296 0.0115545
0.892734 0.796514 0.0115271
0.892847 0.796751 0.0114998
0.892988 0.796969 0.0114726
0.893101 0.797204 0.0114455
0.89324 0.797423 0.0114184
0.893355 0.797657 0.0113914
0.893492 0.797875 0.0113644
0.893607 0.798108 0.0113376
0.893743 0.798327 0.0113108
0.893859 0.798558 0.011284
0.893994 0.798777 0.0112574
0.89411 0.799007 0.0112308
0.894244 0.799226 0.0112043
0.894361 0.799455 0.0111778
0.894493 0.799674 0.0111514
0.89461 0.799902 0.0111251
0.894742 0.800121 0.0110989
0.894859 0.800348 0.0110727
0.89499 0.800566 0.0110466
0.895107 0.800792 0.0110205
0.895237 0.801011 0.0109945
0.895355 0.801236 0.0109686
0.895484 0.801454 0.0109428
0.895602 0.801679 0.010917
0.89573 0.801896 0.0108913
0.895848 0.80212 0.0108656
0.895975 0.802337 0.01084
0.896093 0.80256 0.0108145
0.89622 0.802777 0.010789
0.896338 0.803 0.0107636
0.896464 0.803216 0.0107383
0.896582 0.803438 0.0107131
0.896707 0.803654 0.0106879
0.896825 0.803875 0.0106627
0.89695 0.804091 0.0106377
0.897068 0.804311 0.0106127
0.897192 0.804526 0.0105877
0.89731 0.804746 0.0105628
0.897433 0.804961 0.010538
0.897551 0.80518 0.0105133
0.897674 0.805394 0.0104886
0.897792 0.805612 0.010464
0.897914 0.805827 0.0104394
0.898032 0.806044 0.0104149
0.898154 0.806258 0.0103905
0.898271 0.806475 0.0103661
0.898392 0.806688 0.0103418
0.898509 0.806904 0.0103175
0.898631 0.807117 0.0102934
0.898747 0.807333 0.0102692
0.898868 0.807546 0.0102452
0.898985 0.80776 0.0102212
0.899105 0.807973 0.0101972
0.899221 0.808187 0.0101733
0.899341 0.808399 0.0101495
0.899457 0.808612 0.0101257
0.899577 0.808823 0.010102
0.899693 0.809037 0.0100784
0.899812 0.809247 0.0100548
0.899927 0.80946 0.0100313
0.900046 0.80967 0.0100078
0.900161 0.809882 0.00998443
0.90028 0.810092 0.00996109
0.900395 0.810303 0.0099378
0.900513 0.810513 0.00991458
0.900628 0.810723 0.00989141
0.900745 0.810932 0.0098683
0.90086 0.811143 0.00984525
0.900977 0.811351 0.00982226
0.901091 0.811561 0.00979932
0.901208 0.811769 0.00977645
0.901322 0.811978 0.00975363
0.901438 0.812185 0.00973087
0.901552 0.812394 0.00970817
0.901668 0.812601 0.00968552
0.901782 0.812809 0.00966293
0.901898 0.813015 0.0096404
0.902011 0.813223 0.00961793
0.902126 0.813429 0.00959551
0.902239 0.813636 0.00957315
0.902354 0.813841 0.00955084
0.902467 0.814048 0.00952859
0.902582 0.814253 0.0095064
0.902694 0.814459 0.00948426
0.902809 0.814663 0.00946218
0.902921 0.814869 0.00944015
0.903035 0.815073 0.00941818
0.903147 0.815278 0.00939627
0.90326 0.815481 0.00937441
0.903372 0.815686 0.0093526
0.903485 0.815889 0.00933085
0.903597 0.816093 0.00930916
0.90371 0.816295 0.00928751
0.903821 0.816498 0.00926593
0.903933 0.816701 0.00924439
0.904044 0.816903 0.00922291
0.904157 0.817105 0.00920149
0.904267 0.817307 0.00918012
0.904379 0.817509 0.0091588
0.904489 0.81771 0.00913754
0.904601 0.817911 0.00911632
0.904711 0.818112 0.00909517
0.904822 0.818313 0.00907406
0.904932 0.818513 0.00905301
0.905043 0.818713 0.00903201
0.905153 0.818913 0.00901106
0.905263 0.819113 0.00899017
0.905373 0.819313 0.00896932
0.905483 0.819511 0.00894853
0.905592 0.819711 0.00892779
0.905702 0.819909 0.00890711
0.905811 0.820108 0.00888647
0.90592 0.820306 0.00886589
0.906029 0.820504 0.00884536
0.906138 0.820701 0.00882487
0.906246 0.820899 0.00880444
0.906355 0.821096 0.00878407
0.906463 0.821293 0.00876374
0.906572 0.82149 0.00874346
0.90668 0.821687 0.00872323
0.906788 0.821882 0.00870306
0.906895 0.822079 0.00868293
0.907004 0.822274 0.00866285
0.907111 0.82247 0.00864283
0.907219 0.822665 0.00862285
0.907325 0.822861 0.00860292
0.907433 0.823055 0.00858305
0.907539 0.82325 0.00856322
0.907647 0.823444 0.00854344
0.907753 0.823639 0.00852371
0.90786 0.823832 0.00850403
0.907966 0.824026 0.0084844
0.908073 0.824219 0.00846482
0.908178 0.824413 0.00844528
0.908285 0.824605 0.0084258
0.90839 0.824799 0.00840636
0.908496 0.824991 0.00838697
0.908601 0.825183 0.00836763
0.908707 0.825375 0.00834834
0.908812 0.825567 0.00832909
0.908918 0.825758 0.0083099
0.909022 0.82595 0.00829075
0.909128 0.826141 0.00827164
0.909232 0.826332 0.00825259
0.909337 0.826522 0.00823358
0.909441 0.826713 0.00821462
0.909546 0.826903 0.00819571
0.909649 0.827093 0.00817684
0.909754 0.827283 0.00815802
0.909857 0.827472 0.00813924
0.909962 0.827661 0.00812052
0.910065 0.827851 0.00810183
0.910169 0.828039 0.0080832
0.910271 0.828228 0.00806461
0.910375 0.828416 0.00804607
0.910478 0.828605 0.00802757
0.910581 0.828792 0.00800912
0.910683 0.82898 0.00799071
0.910787 0.829167 0.00797235
0.910889 0.829355 0.00795403
0.910992 0.829541 0.00793576
0.911093 0.829729 0.00791754
0.911196 0.829915 0.00789936
0.911297 0.830101 0.00788122
0.9114 0.830287 0.00786313
0.911501 0.830473 0.00784509
0.911603 0.830659 0.00782708
0.911704 0.830844 0.00780913
0.911806 0.831029 0.00779121
0.911907 0.831215 0.00777334
0.912008 0.831399 0.00775552
0.912108 0.831584 0.00773774
0.91221 0.831768 0.00772
0.91231 0.831952 0.0077023
0.912411 0.832136 0.00768465
0.912511 0.83232 0.00766704
0.912612 0.832503 0.00764948
0.912711 0.832686 0.00763196
0.912812 0.832869 0.00761448
0.912911 0.833052 0.00759705
0.913012 0.833234 0.00757965
0.91311 0.833417 0.0075623
0.913211 0.833599 0.007545
0.913309 0.833781 0.00752773
0.913409 0.833962 0.00751051
0.913508 0.834144 0.00749333
0.913607 0.834325 0.00747619
0.913705 0.834506 0.00745909
0.913805 0.834687 0.00744204
0.913903 0.834868 0.00742503
0.914002 0.835048 0.00740805
0.914099 0.835228 0.00739113
0.914198 0.835408 0.00737424
0.914295 0.835588 0.00735739
0.914395 0.835767 0.00734058
0.914491 0.835947 0.00732382
0.91459 0.836125 0.0073071
0.914686 0.836305 0.00729041
0.914785 0.836483 0.00727377
0.914881 0.836662 0.00725717
0.914979 0.836839 0.00724061
0.915075 0.837018 0.00722409
0.915173 0.837195 0.00720761
0.915269 0.837373 0.00719117
0.915367 0.83755 0.00717477
0.915462 0.837728 0.00715841
0.91556 0.837904 0.00714209
0.915655 0.838082 0.00712581
0.915752 0.838257 0.00710957
0.915847 0.838435 0.00709337
0.915944 0.83861 0.00707721
0.916039 0.838787 0.00706109
0.916136 0.838961 0.007045
0.91623 0.839138 0.00702896
0.916327 0.839312 0.00701295
0.91642 0.839488 0.00699699
0.916517 0.839662 0.00698106
0.916611 0.839838 0.00696517
0.916707 0.840011 0.00694932
0.9168 0.840186 0.00693351
0.916897 0.840359 0.00691774
0.916989 0.840534 0.00690201
0.917086 0.840706 0.00688631
0.917178 0.840881 0.00687065
0.917275 0.841053 0.00685503
0.917366 0.841227 0.00683945
0.917463 0.841399 0.00682391
0.917554 0.841573 0.0068084
0.91765 0.841744 0.00679293
0.917741 0.841917 0.0067775
0.917837 0.842088 0.00676211
0.917928 0.842261 0.00674675
0.918024 0.842431 0.00673143
0.918114 0.842604 0.00671615
0.91821 0.842773 0.0067009
0.9183 0.842946 0.0066857
0.918396 0.843115 0.00667053
0.918485 0.843288 0.00665539
0.918581 0.843456 0.00664029
0.91867 0.843628 0.00662523
0.918766 0.843796 0.00661021
0.918854 0.843968 0.00659522
0.91895 0.844135 0.00658027
0.919038 0.844307 0.00656535
0.919134 0.844473 0.00655047
0.919221 0.844645 0.00653562
0.919318 0.844811 0.00652082
0.919404 0.844982 0.00650604
0.919501 0.845147 0.00649131
0.919586 0.845319 0.00647661
0.919683 0.845483 0.00646194
0.919768 0.845655 0.00644731
0.919865 0.845818 0.00643272
0.91995 0.84599 0.00641816
0.920047 0.846153 0.00640363
0.920131 0.846324 0.00638914
0.920228 0.846486 0.00637469
0.920311 0.846657 0.00636027
0.920409 0.846819 0.00634588
0.920491 0.84699 0.00633153
0.920589 0.847151 0.00631722
0.92067 0.847322 0.00630294
0.920769 0.847482 0.00628869
0.920849 0.847653 0.00627448
0.920948 0.847812 0.0062603
0.921028 0.847983 0.00624616
0.921127 0.848142 0.00623205
0.921206 0.848313 0.00621797
0.921306 0.84847 0.00620393
0.921383 0.848642 0.00618992
0.921484 0.848798 0.00617595
0.92156 0.84897 0.00616201
0.921662 0.849125 0.0061481
0.921736 0.849297 0.00613423
0.921839 0.849452 0.00612039
0.921912 0.849624 0.00610658
0.922016 0.849777 0.00609281
0.922088 0.84995 0.00607907
0.922193 0.850102 0.00606537
0.922263 0.850275 0.0060517
0.922369 0.850426 0.00603806
0.922437 0.8506 0.00602445
0.922545 0.850749 0.00601088
0.922611 0.850924 0.00599734
0.922721 0.851071 0.00598383
0.922784 0.851247 0.00597036
0.922896 0.851392 0.00595692
0.922957 0.851569 0.00594351
0.923071 0.851713 0.00593014
0.923129 0.851891 0.0059168
0.923245 0.852032 0.00590349
0.9233 0.852212 0.00589022
0.92342 0.852351 0.00587698
0.923471 0.852532 0.00586377
0.923594 0.852669 0.0058506
0.923641 0.852852 0.00583746
0.923768 0.852986 0.00582435
0.923811 0.853171 0.00581128
0.923941 0.853303 0.00579824
0.92398 0.85349 0.00578524
0.924115 0.853618 0.00577227
0.924148 0.853808 0.00575934
0.924288 0.853932 0.00574644
0.924316 0.854126 0.00573358
0.924461 0.854246 0.00572076
0.924482 0.854443 0.00570797
0.924635 0.854558 0.00569523
0.924648 0.854759 0.00568252
0.924808 0.85487 0.00566985
0.924813 0.855075 0.00565722
0.924981 0.85518 0.00564464
0.924977 0.855391 0.0056321
0.925154 0.85549 0.0056196
0.925141 0.855706 0.00560715
0.925328 0.855798 0.00559475
0.925303 0.856021 0.0055824
0.925502 0.856105 0.00557011
0.925463 0.856335 0.00555788
0.925676 0.856411 0.0055457
0.925623 0.85665 0.00553359
0.925851 0.856715 0.00552155
0.925781 0.856964 0.00550958
0.926026 0.857019 0.00549769
0.925938 0.857278 0.00548589
0.926202 0.857321 0.00547418
0.926093 0.857592 0.00546258
0.926379 0.857621 0.00545108
0.926246 0.857907 0.00543971
0.926557 0.85792 0.00542847
0.926397 0.858221 0.00541739
0.926736 0.858216 0.00540646
0.926546 0.858537 0.00539573
0.926917 0.858511 0.00538518
0.926692 0.858852 0.00537488
0.9271 0.858804 0.00536481
0.926836 0.859169 0.00535505
0.927285 0.859095 0.00534559
0.926976 0.859486 0.0053365
0.927472 0.859383 0.0053278
0.927113 0.859804 0.00531958
0.927662 0.859668 0.00531184
0.927246 0.860125 0.00530473
0.927856 0.85995 0.00529822
0.927374 0.860446 0.00529252
0.928054 0.860229 0.00528759
0.927497 0.86077 0.00528372
0.928256 0.860504 0.00528082
0.927614 0.861097 0.00527932
0.928464 0.860774 0.00527903
0.927725 0.861427 0.00528058
0.928678 0.86104 0.00528369
0.927827 0.86176 0.0052892
0.928899 0.8613 0.00529668
0.927922 0.862097 0.00530734
0.929128 0.861554 0.00532049
0.928006 0.862439 0.00533784
0.929367 0.861801 0.0053583
0.92808 0.862787 0.00538434
0.929616 0.86204 0.00541424
0.928141 0.863141 0.00545153
0.929877 0.862271 0.00549356
0.928188 0.863503 0.00554538
0.930152 0.862492 0.00560293
0.928219 0.863872 0.00567342
0.930442 0.862701 0.00575065
0.928233 0.864251 0.00584496
0.930748 0.862899 0.0059469
0.928227 0.864639 0.00607127
0.931072 0.863084 0.00620375
0.928202 0.865038 0.00636549
0.931415 0.863254 0.00653495
0.928155 0.865447 0.0067422
0.931776 0.86341 0.0069551
0.928087 0.865867 0.0072162
0.932155 0.863552 0.00747803
0.927999 0.866296 0.00780024
0.93255 0.863679 0.0081138
0.927893 0.866733 0.00850139
0.932955 0.863795 0.00886438
0.927777 0.867172 0.0093157
0.933363 0.863903 0.00971775
0.927657 0.86761 0.0102219
0.933765 0.864008 0.0106419
0.927545 0.868038 0.0111758
0.934146 0.864118 0.0115802
0.927456 0.868448 0.0121076
0.934493 0.864243 0.0124528
0.927405 0.86883 0.0129267
0.93479 0.864391 0.0131651
0.927406 0.869174 0.0135355
0.935024 0.864573 0.0136259
0.927473 0.869475 0.0138507
0.935188 0.864795 0.0137694
0.927611 0.869728 0.0138254
0.93528 0.86506 0.0135738
0.92782 0.869935 0.0134629
0.935304 0.865369 0.0130672
0.928093 0.870101 0.0128147
0.935271 0.865715 0.0123189
0.928419 0.870233 0.0119655
0.935194 0.866092 0.0114197
0.928782 0.870342 0.0110108
0.93509 0.86649 0.0104606
0.929168 0.870438 0.0100371
0.934972 0.866901 0.00951722
0.929563 0.870529 0.00911008
0.934852 0.867317 0.00864215
0.929958 0.870622 0.00827107
0.934739 0.867733 0.00786523
0.930343 0.870722 0.00754002
0.93464 0.868142 0.0071977
0.930714 0.870833 0.00692083
0.934557 0.868543 0.00663801
0.931068 0.870956 0.00640725
0.934492 0.868933 0.00617704
0.931403 0.871092 0.00598759
0.934447 0.869312 0.00580212
0.931719 0.87124 0.00564817
0.934421 0.86968 0.00549968
0.932016 0.8714 0.00537537
0.934413 0.870036 0.00525685
0.932297 0.871571 0.00515677
0.934421 0.870382 0.00506218
0.932561 0.871753 0.00498159
0.934444 0.870719 0.00490592
0.932811 0.871943 0.00484086
0.93448 0.871046 0.00478003
0.933048 0.872142 0.00472724
0.934529 0.871366 0.00467799
0.933273 0.872348 0.00463483
0.934588 0.871678 0.00459461
0.933487 0.87256 0.00455899
0.934657 0.871983 0.00452576
0.933692 0.872777 0.00449602
0.934733 0.872283 0.00446822
0.933889 0.872999 0.00444308
0.934817 0.872577 0.00441949
0.934078 0.873226 0.00439792
0.934908 0.872867 0.0043776
0.934262 0.873455 0.00435882
0.935003 0.873152 0.00434103
0.934439 0.873688 0.00432443
0.935104 0.873434 0.00430861
0.934611 0.873923 0.00429371
0.935209 0.873712 0.00427944
0.934779 0.87416 0.00426587
0.935317 0.873987 0.0042528
0.934943 0.874399 0.00424027
0.935428 0.87426 0.00422814
0.935104 0.87464 0.00421644
0.935542 0.87453 0.00420505
0.935261 0.874882 0.004194
0.935658 0.874798 0.0041832
0.935415 0.875125 0.00417267
0.935776 0.875064 0.00416234
0.935568 0.875368 0.00415221
0.935896 0.875328 0.00414225
0.935717 0.875613 0.00413246
0.936018 0.87559 0.0041228
0.935865 0.875858 0.00411328
0.936141 0.875851 0.00410387
0.936011 0.876103 0.00409456
0.936264 0.87611 0.00408535
0.936156 0.876349 0.00407622
0.936389 0.876368 0.00406717
0.936299 0.876595 0.0040582
0.936515 0.876625 0.00404928
0.936441 0.876841 0.00404044
0.936641 0.876881 0.00403164
0.936581 0.877087 0.0040229
0.936767 0.877135 0.0040142
0.936721 0.877332 0.00400555
0.936894 0.877389 0.00399694
0.936859 0.877578 0.00398838
0.937022 0.877641 0.00397984
0.936997 0.877824 0.00397135
0.937149 0.877893 0.00396288
0.937133 0.878069 0.00395445
0.937277 0.878144 0.00394605
0.937269 0.878315 0.00393767
0.937405 0.878394 0.00392933
0.937404 0.87856 0.00392101
0.937533 0.878643 0.00391271
0.937539 0.878804 0.00390444
0.937661 0.878891 0.0038962
0.937673 0.879049 0.00388798
0.93779 0.879139 0.00387978
0.937806 0.879293 0.0038716
0.937918 0.879386 0.00386345
0.937939 0.879536 0.00385531
0.938046 0.879632 0.0038472
0.938071 0.87978 0.00383911
0.938174 0.879878 0.00383104
0.938202 0.880023 0.00382298
0.938302 0.880123 0.00381495
0.938334 0.880265 0.00380694
0.938429 0.880367 0.00379894
0.938464 0.880507 0.00379097
0.938557 0.88061 0.00378301
0.938595 0.880749 0.00377508
0.938685 0.880853 0.00376716
0.938724 0.88099 0.00375926
0.938812 0.881096 0.00375137
0.938854 0.881231 0.00374351
0.938939 0.881338 0.00373566
0.938983 0.881471 0.00372783
0.939066 0.881579 0.00372002
0.939111 0.881711 0.00371223
0.939193 0.88182 0.00370446
0.93924 0.88195 0.0036967
0.939319 0.88206 0.00368896
0.939367 0.882189 0.00368123
0.939446 0.882299 0.00367353
0.939495 0.882428 0.00366584
0.939572 0.882538 0.00365817
0.939622 0.882666 0.00365051
0.939697 0.882777 0.00364287
0.939749 0.882903 0.00363525
0.939823 0.883015 0.00362765
0.939875 0.88314 0.00362006
0.939948 0.883252 0.00361249
0.940001 0.883377 0.00360494
0.940074 0.883489 0.0035974
0.940127 0.883613 0.00358988
0.940198 0.883725 0.00358238
0.940253 0.883848 0.00357489
0.940323 0.883961 0.00356742
0.940378 0.884083 0.00355997
0.940447 0.884196 0.00355253
0.940503 0.884318 0.00354511
0.940572 0.884431 0.0035377
0.940627 0.884552 0.00353031
0.940695 0.884665 0.00352294
0.940751 0.884785 0.00351558
0.940819 0.884899 0.00350824
0.940875 0.885019 0.00350092
0.940942 0.885132 0.00349361
0.940999 0.885251 0.00348631
0.941065 0.885364 0.00347904
0.941122 0.885483 0.00347178
0.941188 0.885596 0.00346453
0.941245 0.885715 0.0034573
0.941311 0.885828 0.00345009
0.941368 0.885946 0.00344289
0.941433 0.886059 0.00343571
0.94149 0.886177 0.00342855
0.941555 0.88629 0.0034214
0.941613 0.886407 0.00341426
0.941677 0.88652 0.00340714
0.941734 0.886637 0.00340004
0.941798 0.886749 0.00339295
0.941856 0.886866 0.00338588
0.941919 0.886978 0.00337882
0.941977 0.887094 0.00337178
0.94204 0.887207 0.00336475
0.942098 0.887323 0.00335774
0.942161 0.887435 0.00335075
0.942219 0.88755 0.00334377
0.942281 0.887663 0.0033368
0.942339 0.887778 0.00332985
0.942402 0.88789 0.00332291
0.94246 0.888004 0.00331599
0.942521 0.888116 0.00330909
0.942579 0.888231 0.0033022
0.942641 0.888342 0.00329533
0.942699 0.888456 0.00328847
0.94276 0.888568 0.00328162
0.942818 0.888682 0.00327479
0.942879 0.888793 0.00326798
0.942937 0.888907 0.00326118
0.942998 0.889018 0.00325439
0.943056 0.889131 0.00324762
0.943117 0.889242 0.00324086
0.943175 0.889355 0.00323412
0.943235 0.889466 0.0032274
0.943293 0.889578 0.00322068
0.943353 0.889689 0.00321399
0.943411 0.889801 0.0032073
0.943471 0.889912 0.00320063
0.943528 0.890024 0.00319398
0.943588 0.890134 0.00318734
0.943646 0.890246 0.00318072
0.943705 0.890356 0.00317411
0.943763 0.890467 0.00316751
0.943822 0.890577 0.00316093
0.94388 0.890688 0.00315436
0.943939 0.890798 0.00314781
0.943997 0.890909 0.00314127
0.944056 0.891018 0.00313474
0.944113 0.891129 0.00312823
0.944172 0.891238 0.00312174
0.944229 0.891348 0.00311525
0.944288 0.891457 0.00310878
0.944345 0.891567 0.00310233
0.944403 0.891676 0.00309589
0.94446 0.891786 0.00308946
0.944519 0.891895 0.00308305
0.944576 0.892004 0.00307665
0.944634 0.892113 0.00307027
0.944691 0.892222 0.0030639
0.944749 0.89233 0.00305754
0.944805 0.892439 0.00305119
0.944863 0.892547 0.00304486
0.94492 0.892656 0.00303855
0.944978 0.892764 0.00303225
0.945034 0.892872 0.00302596
0.945092 0.89298 0.00301968
0.945148 0.893088 0.00301342
0.945205 0.893196 0.00300717
0.945262 0.893304 0.00300094
0.945319 0.893411 0.00299472
0.945375 0.893519 0.00298851
0.945432 0.893626 0.00298232
0.945489 0.893733 0.00297614
0.945545 0.89384 0.00296997
0.945602 0.893947 0.00296381
0.945658 0.894054 0.00295767
0.945714 0.894161 0.00295155
0.945771 0.894267 0.00294543
0.945827 0.894374 0.00293933
0.945883 0.89448 0.00293324
0.945939 0.894587 0.00292717
0.945995 0.894693 0.00292111
0.946051 0.894799 0.00291506
0.946107 0.894905 0.00290902
0.946163 0.895011 0.002903
0.946219 0.895116 0.00289699
0.946274 0.895222 0.002891
0.94633 0.895327 0.00288501
0.946385 0.895433 0.00287904
0.946441 0.895538 0.00287308
0.946496 0.895643 0.00286714
0.946552 0.895748 0.00286121
0.946607 0.895853 0.00285529
0.946662 0.895958 0.00284938
0.946717 0.896063 0.00284349
0.946773 0.896167 0.00283761
0.946827 0.896272 0.00283174
0.946883 0.896376 0.00282588
0.946937 0.896481 0.00282004
0.946992 0.896585 0.00281421
0.947047 0.896689 0.00280839
0.947102 0.896793 0.00280259
0.947157 0.896897 0.00279679
0.947211 0.897 0.00279101
0.947266 0.897104 0.00278525
0.94732 0.897207 0.00277949
0.947375 0.897311 0.00277375
0.947429 0.897414 0.00276802
0.947483 0.897517 0.0027623
0.947538 0.89762 0.00275659
0.947592 0.897723 0.0027509
0.947646 0.897826 0.00274522
0.9477 0.897929 0.00273955
0.947754 0.898031 0.00273389
0.947808 0.898134 0.00272824
0.947862 0.898236 0.00272261
0.947916 0.898339 0.00271699
0.94797 0.898441 0.00271138
0.948023 0.898543 0.00270579
0.948077 0.898645 0.0027002
0.948131 0.898747 0.00269463
0.948184 0.898848 0.00268907
0.948238 0.89895 0.00268352
0.948291 0.899052 0.00267798
0.948344 0.899153 0.00267246
0.948398 0.899254 0.00266694
0.948451 0.899356 0.00266144
0.948504 0.899457 0.00265595
0.948557 0.899558 0.00265048
0.948611 0.899659 0.00264501
0.948663 0.899759 0.00263956
0.948716 0.89986 0.00263411
0.948769 0.899961 0.00262868
0.948822 0.900061 0.00262326
0.948875 0.900162 0.00261786
0.948928 0.900262 0.00261246
0.94898 0.900362 0.00260708
0.949033 0.900462 0.0026017
0.949085 0.900562 0.00259634
0.949138 0.900662 0.00259099
0.94919 0.900762 0.00258566
0.949243 0.900861 0.00258033
0.949295 0.900961 0.00257501
0.949347 0.90106 0.00256971
0.949399 0.901159 0.00256442
0.949452 0.901258 0.00255914
0.949504 0.901358 0.00255387
0.949556 0.901457 0.00254861
0.949608 0.901555 0.00254336
0.94966 0.901654 0.00253812
0.949711 0.901753 0.0025329
0.949763 0.901851 0.00252768
0.949815 0.90195 0.00252248
0.949867 0.902048 0.00251729
0.949918 0.902147 0.00251211
0.94997 0.902245 0.00250694
0.950021 0.902343 0.00250178
0.950073 0.902441 0.00249664
0.950124 0.902539 0.0024915
0.950175 0.902636 0.00248637
0.950227 0.902734 0.00248126
0.950278 0.902831 0.00247616
0.950329 0.902929 0.00247106
0.95038 0.903026 0.00246598
0.950431 0.903123 0.00246091
0.950482 0.903221 0.00245585
0.950533 0.903318 0.0024508
0.950584 0.903414 0.00244576
0.950635 0.903511 0.00244074
0.950685 0.903608 0.00243572
0.950736 0.903705 0.00243071
0.950787 0.903801 0.00242572
0.950837 0.903898 0.00242073
0.950888 0.903994 0.00241576
0.950938 0.90409 0.0024108
0.950989 0.904186 0.00240584
0.951039 0.904282 0.0024009
0.951089 0.904378 0.00239597
0.95114 0.904474 0.00239105
0.95119 0.90457 0.00238614
0.95124 0.904665 0.00238124
0.95129 0.904761 0.00237635
0.95134 0.904856 0.00237147
0.95139 0.904951 0.0023666
0.95144 0.905047 0.00236174
0.95149 0.905142 0.00235689
0.95154 0.905237 0.00235206
0.95159 0.905331 0.00234723
0.951639 0.905426 0.00234241
0.951689 0.905521 0.0023376
0.951738 0.905616 0.00233281
0.951788 0.90571 0.00232802
0.951837 0.905804 0.00232324
0.951887 0.905899 0.00231848
0.951936 0.905993 0.00231372
0.951986 0.906087 0.00230898
0.952035 0.906181 0.00230424
0.952084 0.906275 0.00229952
0.952133 0.906369 0.0022948
0.952182 0.906462 0.00229009
0.952231 0.906556 0.0022854
0.95228 0.90665 0.00228071
0.952329 0.906743 0.00227604
0.952378 0.906836 0.00227137
0.952427 0.906929 0.00226672
0.952476 0.907023 0.00226207
0.952524 0.907116 0.00225743
0.952573 0.907208 0.00225281
0.952622 0.907301 0.00224819
0.95267 0.907394 0.00224358
0.952719 0.907487 0.00223899
0.952767 0.907579 0.0022344
0.952816 0.907672 0.00222982
0.952864 0.907764 0.00222526
0.952912 0.907856 0.0022207
0.952961 0.907948 0.00221615
0.953009 0.90804 0.00221161
0.953057 0.908132 0.00220708
0.953105 0.908224 0.00220256
0.953153 0.908316 0.00219806
0.953201 0.908408 0.00219356
0.953249 0.908499 0.00218906
0.953297 0.908591 0.00218458
0.953345 0.908682 0.00218011
0.953392 0.908773 0.00217565
0.95344 0.908864 0.0021712
0.953488 0.908955 0.00216676
0.953535 0.909046 0.00216232
0.953583 0.909137 0.0021579
0.95363 0.909228 0.00215348
0.953678 0.909319 0.00214908
0.953725 0.909409 0.00214468
0.953773 0.9095 0.00214029
0.95382 0.90959 0.00213592
0.953867 0.909681 0.00213155
0.953914 0.909771 0.00212719
0.953961 0.909861 0.00212284
0.954009 0.909951 0.0021185
0.954056 0.910041 0.00211417
0.954103 0.910131 0.00210985
0.954149 0.910221 0.00210553
0.954196 0.91031 0.00210123
0.954243 0.9104 0.00209694
0.95429 0.910489 0.00209265
0.954337 0.910579 0.00208837
0.954383 0.910668 0.00208411
0.95443 0.910757 0.00207985
0.954477 0.910846 0.0020756
0.954523 0.910935 0.00207136
0.95457 0.911024 0.00206713
0.954616 0.911113 0.0020629
0.954662 0.911202 0.00205869
0.954709 0.91129 0.00205449
0.954755 0.911379 0.00205029
0.954801 0.911467 0.0020461
0.954847 0.911556 0.00204193
0.954893 0.911644 0.00203776
0.95494 0.911732 0.0020336
0.954986 0.91182 0.00202944
0.955032 0.911908 0.0020253
0.955077 0.911996 0.00202117
0.955123 0.912084 0.00201704
0.955169 0.912171 0.00201293
0.955215 0.912259 0.00200882
0.955261 0.912347 0.00200472
0.955306 0.912434 0.00200063
0.955352 0.912521 0.00199655
0.955397 0.912609 0.00199247
0.955443 0.912696 0.00198841
0.955488 0.912783 0.00198435
0.955534 0.91287 0.00198031
0.955579 0.912957 0.00197627
0.955625 0.913044 0.00197224
0.95567 0.91313 0.00196821
0.955715 0.913217 0.0019642
0.95576 0.913303 0.0019602
0.955805 0.91339 0.0019562
0.95585 0.913476 0.00195221
0.955895 0.913562 0.00194823
0.95594 0.913648 0.00194426
0.955985 0.913735 0.0019403
0.95603 0.913821 0.00193634
0.956075 0.913906 0.0019324
0.95612 0.913992 0.00192846
0.956164 0.914078 0.00192453
0.956209 0.914164 0.00192061
0.956254 0.914249 0.00191669
0.956298 0.914335 0.00191279
0.956343 0.91442 0.00190889
0.956387 0.914505 0.00190501
0.956432 0.91459 0.00190113
0.956476 0.914675 0.00189725
0.956521 0.91476 0.00189339
0.956565 0.914845 0.00188953
0.956609 0.91493 0.00188569
0.956653 0.915015 0.00188185
0.956697 0.9151 0.00187802
0.956742 0.915184 0.00187419
0.956786 0.915269 0.00187038
0.95683 0.915353 0.00186657
0.956874 0.915437 0.00186277
0.956918 0.915521 0.00185898
0.956961 0.915606 0.0018552
0.957005 0.91569 0.00185142
0.957049 0.915774 0.00184765
0.957093 0.915857 0.00184389
0.957136 0.915941 0.00184014
0.95718 0.916025 0.0018364
0.957223 0.916109 0.00183266
0.957267 0.916192 0.00182894
0.95731 0.916275 0.00182522
0.957354 0.916359 0.0018215
0.957397 0.916442 0.0018178
0.957441 0.916525 0.0018141
0.957484 0.916608 0.00181041
0.957527 0.916691 0.00180673
0.95757 0.916774 0.00180306
0.957614 0.916857 0.00179939
0.957657 0.91694 0.00179573
0.9577 0.917022 0.00179208
0.957743 0.917105 0.00178844
0.957786 0.917187 0.00178481
0.957829 0.91727 0.00178118
0.957872 0.917352 0.00177756
0.957914 0.917434 0.00177395
0.957957 0.917516 0.00177034
0.958 0.917598 0.00176675
0.958043 0.91768 0.00176316
0.958085 0.917762 0.00175958
0.958128 0.917844 0.001756
0.95817 0.917926 0.00175243
0.958213 0.918007 0.00174887
0.958255 0.918089 0.00174532
0.958298 0.91817 0.00174178
0.95834 0.918252 0.00173824
0.958382 0.918333 0.00173471
0.958425 0.918414 0.00173119
0.958467 0.918495 0.00172767
0.958509 0.918576 0.00172417
0.958551 0.918657 0.00172067
0.958593 0.918738 0.00171717
0.958635 0.918819 0.00171369
0.958677 0.9189 0.00171021
0.958719 0.91898 0.00170674
0.958761 0.919061 0.00170328
0.958803 0.919141 0.00169982
0.958845 0.919222 0.00169637
0.958887 0.919302 0.00169293
0.958928 0.919382 0.00168949
0.95897 0.919462 0.00168607
0.959012 0.919542 0.00168265
0.959053 0.919622 0.00167923
0.959095 0.919702 0.00167583
0.959136 0.919782 0.00167243
0.959178 0.919861 0.00166904
0.959219 0.919941 0.00166565
0.95926 0.920021 0.00166228
0.959302 0.9201 0.00165891
0.959343 0.920179 0.00165554
0.959384 0.920259 0.00165219
0.959425 0.920338 0.00164884
0.959467 0.920417 0.00164549
0.959508 0.920496 0.00164216
0.959549 0.920575 0.00163883
0.95959 0.920654 0.00163551
0.959631 0.920732 0.00163219
0.959672 0.920811 0.00162889
0.959713 0.92089 0.00162559
0.959753 0.920968 0.00162229
0.959794 0.921047 0.00161901
0.959835 0.921125 0.00161573
0.959876 0.921203 0.00161245
0.959916 0.921282 0.00160919
0.959957 0.92136 0.00160593
0.959997 0.921438 0.00160267
0.960038 0.921516 0.00159943
0.960078 0.921594 0.00159619
0.960119 0.921672 0.00159296
0.960159 0.921749 0.00158973
0.9602 0.921827 0.00158651
0.96024 0.921905 0.0015833
0.96028 0.921982 0.0015801
0.96032 0.92206 0.0015769
0.960361 0.922137 0.0015737
0.960401 0.922214 0.00157052
0.960441 0.922291 0.00156734
0.960481 0.922368 0.00156417
0.960521 0.922445 0.001561
0.960561 0.922522 0.00155784
0.960601 0.922599 0.00155469
0.960641 0.922676 0.00155155
0.960681 0.922753 0.00154841
0.96072 0.922829 0.00154527
0.96076 0.922906 0.00154215
0.9608 0.922982 0.00153903
0.96084 0.923058 0.00153592
0.960879 0.923135 0.00153281
0.960919 0.923211 0.00152971
0.960958 0.923287 0.00152662
0.960998 0.923363 0.00152353
0.961037 0.923439 0.00152045
0.961077 0.923515 0.00151737
0.961116 0.923591 0.00151431
0.961155 0.923667 0.00151124
0.961194 0.923743 0.00150819
0.961234 0.923818 0.00150514
0.961273 0.923894 0.0015021
0.961312 0.923969 0.00149906
0.961351 0.924045 0.00149603
0.961391 0.92412 0.00149301
0.961429 0.924195 0.00148999
0.961469 0.92427 0.00148698
0.961507 0.924345 0.00148398
0.961546 0.92442 0.00148098
0.961585 0.924495 0.00147799
0.961624 0.92457 0.001475
0.961662 0.924645 0.00147202
0.961702 0.924719 0.00146905
0.96174 0.924794 0.00146608
0.961779 0.924868 0.00146312
0.961817 0.924943 0.00146016
0.961856 0.925017 0.00145722
0.961894 0.925092 0.00145427
0.961933 0.925165 0.00145134
0.961971 0.92524 0.00144841
0.96201 0.925313 0.00144548
0.962048 0.925388 0.00144256
0.962087 0.925461 0.00143965
0.962124 0.925536 0.00143675
0.962163 0.925609 0.00143385
0.962201 0.925683 0.00143095
0.96224 0.925756 0.00142806
0.962277 0.92583 0.00142518
0.962316 0.925903 0.00142231
0.962353 0.925977 0.00141944
0.962392 0.92605 0.00141657
0.962429 0.926124 0.00141371
0.962468 0.926196 0.00141086
0.962505 0.92627 0.00140801
0.962544 0.926342 0.00140517
0.96258 0.926416 0.00140234
0.962619 0.926488 0.00139951
0.962656 0.926561 0.00139669
0.962695 0.926633 0.00139387
0.962731 0.926707 0.00139106
0.96277 0.926778 0.00138826
0.962806 0.926852 0.00138546
0.962845 0.926923 0.00138266
0.962881 0.926996 0.00137987
0.96292 0.927068 0.00137709
0.962956 0.927141 0.00137432
0.962995 0.927212 0.00137155
0.963031 0.927285 0.00136878
0.963069 0.927356 0.00136602
0.963105 0.927429 0.00136327
0.963144 0.9275 0.00136052
0.963179 0.927572 0.00135778
0.963218 0.927643 0.00135504
0.963254 0.927716 0.00135231
0.963292 0.927786 0.00134959
0.963328 0.927859 0.00134687
0.963366 0.927929 0.00134416
0.963401 0.928001 0.00134145
0.96344 0.928071 0.00133875
0.963475 0.928144 0.00133605
0.963514 0.928213 0.00133336
0.963548 0.928286 0.00133067
0.963588 0.928355 0.00132799
0.963622 0.928427 0.00132532
0.963661 0.928497 0.00132265
0.963695 0.928569 0.00131999
0.963734 0.928638 0.00131733
0.963768 0.92871 0.00131468
0.963807 0.928779 0.00131203
0.963841 0.928851 0.00130939
0.96388 0.92892 0.00130675
0.963914 0.928992 0.00130412
0.963953 0.92906 0.0013015
0.963986 0.929132 0.00129888
0.964026 0.9292 0.00129626
0.964058 0.929272 0.00129366
0.964098 0.92934 0.00129105
0.964131 0.929412 0.00128846
0.964171 0.929479 0.00128586
0.964203 0.929552 0.00128328
0.964243 0.929619 0.00128069
0.964275 0.929691 0.00127812
0.964315 0.929758 0.00127555
0.964346 0.92983 0.00127298
0.964387 0.929896 0.00127042
0.964418 0.929969 0.00126787
0.964459 0.930035 0.00126532
0.964489 0.930107 0.00126277
0.96453 0.930173 0.00126023
0.96456 0.930245 0.0012577
0.964602 0.93031 0.00125517
0.964631 0.930383 0.00125265
0.964673 0.930448 0.00125013
0.964702 0.930521 0.00124762
0.964744 0.930585 0.00124511
0.964773 0.930658 0.00124261
0.964816 0.930722 0.00124011
0.964844 0.930795 0.00123762
0.964887 0.930859 0.00123513
0.964914 0.930932 0.00123265
0.964957 0.930995 0.00123017
0.964984 0.931068 0.0012277
0.965028 0.931131 0.00122523
0.965054 0.931204 0.00122277
0.965099 0.931267 0.00122032
0.965124 0.93134 0.00121787
0.965169 0.931402 0.00121542
0.965194 0.931476 0.00121298
0.96524 0.931537 0.00121055
0.965263 0.931612 0.00120812
0.96531 0.931672 0.00120569
0.965333 0.931747 0.00120327
0.96538 0.931807 0.00120086
0.965402 0.931882 0.00119845
0.96545 0.931941 0.00119604
0.965471 0.932017 0.00119364
0.96552 0.932075 0.00119125
0.96554 0.932151 0.00118886
0.96559 0.932208 0.00118648
0.965608 0.932285 0.0011841
0.965659 0.932342 0.00118172
0.965676 0.932419 0.00117936
0.965729 0.932475 0.00117699
0.965745 0.932553 0.00117463
0.965798 0.932607 0.00117228
0.965813 0.932686 0.00116993
0.965868 0.93274 0.00116759
0.96588 0.93282 0.00116525
0.965937 0.932872 0.00116292
0.965948 0.932953 0.0011606
0.966006 0.933004 0.00115828
0.966015 0.933085 0.00115596
0.966076 0.933135 0.00115365
0.966083 0.933218 0.00115134
0.966145 0.933266 0.00114905
0.966149 0.93335 0.00114675
0.966214 0.933397 0.00114446
0.966216 0.933483 0.00114218
0.966283 0.933528 0.0011399
0.966282 0.933614 0.00113763
0.966352 0.933658 0.00113537
0.966349 0.933746 0.00113311
0.966421 0.933788 0.00113086
0.966414 0.933878 0.00112861
0.96649 0.933917 0.00112637
0.96648 0.934009 0.00112414
0.966559 0.934046 0.00112191
0.966545 0.93414 0.00111969
0.966628 0.934175 0.00111748
0.96661 0.934271 0.00111528
0.966697 0.934303 0.00111308
0.966675 0.934402 0.00111089
0.966766 0.934431 0.00110871
0.966739 0.934533 0.00110653
0.966835 0.934559 0.00110437
0.966803 0.934664 0.00110221
0.966904 0.934686 0.00110007
0.966867 0.934794 0.00109793
0.966974 0.934813 0.00109581
0.96693 0.934925 0.00109369
0.967043 0.934939 0.00109159
0.966993 0.935055 0.00108949
0.967113 0.935065 0.00108742
0.967056 0.935185 0.00108535
0.967182 0.935191 0.0010833
0.967117 0.935315 0.00108126
0.967252 0.935316 0.00107924
0.967179 0.935445 0.00107724
0.967323 0.93544 0.00107526
0.96724 0.935575 0.00107329
0.967393 0.935564 0.00107135
0.9673 0.935706 0.00106943
0.967464 0.935688 0.00106753
0.96736 0.935836 0.00106566
0.967535 0.93581 0.00106382
0.967419 0.935966 0.001062
0.967607 0.935933 0.00106022
0.967477 0.936096 0.00105848
0.967679 0.936054 0.00105677
0.967534 0.936227 0.00105511
0.967751 0.936175 0.00105349
0.967591 0.936358 0.00105192
0.967825 0.936295 0.0010504
0.967647 0.936488 0.00104895
0.967899 0.936415 0.00104755
0.967701 0.93662 0.00104622
0.967973 0.936533 0.00104496
0.967755 0.936751 0.00104379
0.968049 0.936651 0.00104271
0.967807 0.936883 0.00104172
0.968125 0.936768 0.00104084
0.967859 0.937015 0.00104008
0.968203 0.936884 0.00103943
0.967909 0.937148 0.00103893
0.968281 0.936999 0.00103857
0.967957 0.937281 0.0010384
0.968361 0.937112 0.00103838
0.968003 0.937416 0.00103858
0.968443 0.937225 0.00103897
0.968048 0.93755 0.00103964
0.968526 0.937336 0.00104052
0.968091 0.937686 0.00104173
0.96861 0.937445 0.0010432
0.968132 0.937823 0.00104507
0.968697 0.937553 0.00104725
0.96817 0.93796 0.00104992
0.968786 0.93766 0.00105295
0.968206 0.938099 0.00105657
0.968877 0.937764 0.00106062
0.968239 0.93824 0.0010654
0.968971 0.937866 0.00107067
0.968269 0.938382 0.00107683
0.969068 0.937967 0.00108357
0.968296 0.938525 0.0010914
0.969168 0.938065 0.0010999
0.968319 0.938671 0.00110973
0.969271 0.93816 0.00112034
0.968337 0.938818 0.00113259
0.969379 0.938252 0.00114572
0.968352 0.938968 0.00116086
0.96949 0.938342 0.00117701
0.968362 0.93912 0.00119561
0.969606 0.938428 0.00121534
0.968367 0.939275 0.00123809
0.969727 0.938511 0.00126207
0.968366 0.939432 0.00128975
0.969853 0.938589 0.00131876
0.968359 0.939593 0.0013523
0.969984 0.938664 0.00138721
0.968346 0.939757 0.00142766
0.970122 0.938735 0.00146946
0.968326 0.939925 0.00151802
0.970265 0.9388 0.00156779
0.9683 0.940096 0.0016258
0.970416 0.938861 0.0016847
0.968266 0.940271 0.00175358
0.970572 0.938917 0.00182279
0.968225 0.94045 0.00190404
0.970736 0.938968 0.0019847
0.968176 0.940632 0.00207981
0.970905 0.939014 0.0021729
0.968121 0.940818 0.00228322
0.97108 0.939056 0.0023894
0.968059 0.941006 0.00251596
0.97126 0.939092 0.00263543
0.967992 0.941197 0.00277874
0.971444 0.939125 0.00291091
0.967921 0.941389 0.00307069
0.971629 0.939155 0.00321399
0.967847 0.941581 0.00338884
0.971814 0.939183 0.00354039
0.967774 0.941772 0.00372752
0.971997 0.939211 0.00388299
0.967703 0.941959 0.00407798
0.972173 0.93924 0.00423146
0.967639 0.942141 0.00442819
0.972339 0.939274 0.00457236
0.967585 0.942314 0.00476314
0.972493 0.939313 0.00488968
0.967545 0.942478 0.00506572
0.972629 0.939361 0.00516599
0.967523 0.94263 0.00531816
0.972745 0.93942 0.00538419
0.967521 0.942767 0.005504
0.972838 0.939492 0.0055295
0.967543 0.942889 0.00561018
0.972907 0.939578 0.00559149
0.967589 0.942995 0.00562891
0.97295 0.939679 0.0055656
0.96766 0.943084 0.00555882
0.972969 0.939796 0.00545381
0.967755 0.943158 0.00540516
0.972965 0.939928 0.00526429
0.967873 0.943217 0.00517894
0.97294 0.940073 0.00501015
0.96801 0.943265 0.00489529
0.972899 0.940229 0.00470758
0.968162 0.943303 0.00457143
0.972844 0.940396 0.00437381
0.968327 0.943334 0.00422465
0.97278 0.940569 0.00402528
0.968501 0.94336 0.00387069
0.972709 0.940748 0.00367636
0.96868 0.943383 0.00352268
0.972635 0.94093 0.00333851
0.968861 0.943405 0.00319066
0.972561 0.941114 0.00302011
0.969042 0.943428 0.00288153
0.972489 0.941297 0.00272661
0.969221 0.943453 0.00259944
0.972421 0.941479 0.00246093
0.969395 0.943481 0.00234622
0.972358 0.941659 0.00222399
0.969565 0.943513 0.00212196
0.9723 0.941835 0.00201524
0.969728 0.943549 0.00192553
0.972249 0.942008 0.00183317
0.969885 0.94359 0.00175502
0.972205 0.942177 0.00167564
0.970036 0.943635 0.00160805
0.972167 0.942342 0.00154021
0.97018 0.943684 0.00148211
0.972136 0.942503 0.00142437
0.970317 0.943738 0.00137465
0.972112 0.94266 0.00132567
0.970449 0.943795 0.00128327
0.972093 0.942814 0.00124182
0.970574 0.943857 0.00120575
0.972081 0.942963 0.0011707
0.970693 0.943922 0.00114007
0.972074 0.943109 0.00111047
0.970807 0.94399 0.00108446
0.972072 0.943252 0.00105946
0.970916 0.944062 0.00103739
0.972074 0.943391 0.00101625
0.97102 0.944136 0.000997502
0.972082 0.943528 0.000979607
0.97112 0.944214 0.000963665
0.972093 0.943662 0.000948487
0.971216 0.944293 0.000934902
0.972108 0.943793 0.000921994
0.971309 0.944375 0.000910388
0.972126 0.943922 0.000899376
0.971398 0.944458 0.000889428
0.972147 0.944049 0.000879998
0.971484 0.944544 0.000871438
0.972171 0.944174 0.000863326
0.971567 0.944631 0.000855928
0.972198 0.944297 0.000848916
0.971647 0.944719 0.000842489
0.972226 0.944418 0.000836393
0.971725 0.944809 0.000830777
0.972257 0.944538 0.000825445
0.971801 0.9449 0.000820508
0.97229 0.944656 0.000815813
0.971874 0.944991 0.000811444
0.972325 0.944773 0.000807281
0.971946 0.945084 0.000803386
0.972361 0.944888 0.000799666
0.972017 0.945178 0.000796169
0.972399 0.945003 0.00079282
0.972085 0.945272 0.000789654
0.972438 0.945116 0.000786616
0.972152 0.945367 0.000783729
0.972478 0.945228 0.00078095
0.972218 0.945463 0.000778297
0.972519 0.94534 0.000775735
0.972283 0.945559 0.000773278
0.972561 0.94545 0.000770899
0.972347 0.945656 0.000768607
0.972604 0.94556 0.000766381
0.972409 0.945753 0.000764228
0.972647 0.945669 0.000762131
0.972471 0.94585 0.000760095
0.972692 0.945777 0.000758107
0.972532 0.945948 0.00075617
0.972736 0.945885 0.000754274
0.972592 0.946046 0.000752421
0.972782 0.945992 0.000750603
0.972651 0.946144 0.000748821
0.972828 0.946098 0.000747069
0.97271 0.946242 0.000745348
0.972874 0.946204 0.000743652
0.972768 0.94634 0.000741983
0.972921 0.94631 0.000740335
0.972825 0.946439 0.00073871
0.972968 0.946415 0.000737104
0.972882 0.946537 0.000735517
0.973016 0.946519 0.000733946
0.972939 0.946636 0.000732391
0.973064 0.946623 0.000730851
0.972994 0.946734 0.000729326
0.973112 0.946727 0.000727812
0.97305 0.946833 0.000726311
0.97316 0.94683 0.000724821
0.973105 0.946932 0.000723342
0.973208 0.946932 0.000721872
0.97316 0.94703 0.000720412
0.973257 0.947035 0.000718961
0.973214 0.947129 0.000717517
0.973305 0.947137 0.000716082
0.973268 0.947227 0.000714654
0.973354 0.947239 0.000713233
0.973322 0.947326 0.000711819
0.973403 0.94734 0.00071041
0.973375 0.947424 0.000709008
0.973452 0.947441 0.000707612
0.973428 0.947523 0.000706221
0.973501 0.947542 0.000704836
0.973481 0.947621 0.000703455
0.97355 0.947642 0.000702079
0.973534 0.947719 0.000700708
0.9736 0.947743 0.000699342
0.973586 0.947817 0.00069798
0.973649 0.947842 0.000696621
0.973638 0.947915 0.000695268
0.973698 0.947942 0.000693918
0.97369 0.948013 0.000692571
0.973747 0.948042 0.000691229
0.973742 0.94811 0.00068989
0.973797 0.948141 0.000688555
0.973793 0.948208 0.000687223
0.973846 0.94824 0.000685895
0.973844 0.948305 0.00068457
0.973895 0.948338 0.000683248
0.973896 0.948403 0.00068193
0.973944 0.948437 0.000680614
0.973947 0.9485 0.000679302
0.973993 0.948535 0.000677993
0.973997 0.948597 0.000676686
0.974042 0.948633 0.000675383
0.974048 0.948694 0.000674083
0.974092 0.94873 0.000672785
0.974098 0.94879 0.000671491
0.974141 0.948828 0.000670199
0.974149 0.948887 0.00066891
0.97419 0.948925 0.000667624
0.974199 0.948983 0.000666341
0.974239 0.949022 0.00066506
0.974249 0.94908 0.000663782
0.974287 0.949119 0.000662507
0.974299 0.949176 0.000661234
0.974336 0.949216 0.000659964
0.974348 0.949272 0.000658697
0.974385 0.949312 0.000657432
0.974398 0.949367 0.00065617
0.974434 0.949408 0.000654911
0.974448 0.949463 0.000653654
0.974482 0.949504 0.000652399
0.974497 0.949558 0.000651148
0.974531 0.9496 0.000649898
0.974546 0.949653 0.000648651
0.974579 0.949695 0.000647407
0.974595 0.949749 0.000646165
0.974628 0.949791 0.000644926
0.974644 0.949843 0.000643689
0.974676 0.949886 0.000642455
0.974693 0.949938 0.000641223
0.974724 0.949981 0.000639994
0.974742 0.950033 0.000638767
0.974773 0.950076 0.000637542
0.97479 0.950127 0.00063632
0.974821 0.95017 0.0006351
0.974839 0.950221 0.000633883
0.974869 0.950265 0.000632668
0.974887 0.950315 0.000631456
0.974917 0.950359 0.000630246
0.974936 0.950409 0.000629038
0.974965 0.950453 0.000627833
0.974984 0.950503 0.00062663
0.975012 0.950547 0.000625429
0.975032 0.950596 0.000624231
0.97506 0.95064 0.000623035
0.97508 0.95069 0.000621841
0.975108 0.950734 0.00062065
0.975128 0.950783 0.000619461
0.975155 0.950827 0.000618275
0.975175 0.950876 0.000617091
0.975203 0.95092 0.000615909
0.975223 0.950969 0.000614729
0.97525 0.951013 0.000613552
0.975271 0.951061 0.000612377
0.975297 0.951106 0.000611205
0.975318 0.951154 0.000610034
0.975345 0.951198 0.000608866
0.975365 0.951246 0.000607701
0.975392 0.951291 0.000606537
0.975413 0.951338 0.000605376
0.975439 0.951383 0.000604217
0.97546 0.95143 0.00060306
0.975486 0.951475 0.000601906
0.975507 0.951522 0.000600754
0.975533 0.951566 0.000599604
0.975554 0.951614 0.000598456
0.975579 0.951658 0.000597311
0.975601 0.951705 0.000596168
0.975626 0.951749 0.000595027
0.975647 0.951796 0.000593888
0.975673 0.951841 0.000592752
0.975694 0.951887 0.000591617
0.975719 0.951932 0.000590485
0.975741 0.951978 0.000589356
0.975765 0.952023 0.000588228
0.975787 0.952069 0.000587103
0.975812 0.952113 0.000585979
0.975833 0.952159 0.000584858
0.975858 0.952204 0.000583739
0.97588 0.95225 0.000582623
0.975904 0.952294 0.000581508
0.975926 0.95234 0.000580396
0.97595 0.952384 0.000579286
0.975972 0.95243 0.000578178
0.975996 0.952474 0.000577072
0.976018 0.95252 0.000575968
0.976042 0.952564 0.000574867
0.976064 0.95261 0.000573767
0.976088 0.952654 0.00057267
0.97611 0.952699 0.000571575
0.976133 0.952743 0.000570482
0.976155 0.952788 0.000569391
0.976179 0.952833 0.000568302
0.976201 0.952878 0.000567216
0.976225 0.952922 0.000566131
0.976247 0.952967 0.000565049
0.97627 0.953011 0.000563969
0.976292 0.953055 0.00056289
0.976315 0.953099 0.000561814
0.976337 0.953144 0.00056074
0.976361 0.953188 0.000559669
0.976383 0.953233 0.000558599
0.976406 0.953276 0.000557531
0.976428 0.953321 0.000556465
0.976451 0.953365 0.000555402
0.976473 0.953409 0.00055434
0.976496 0.953453 0.000553281
0.976518 0.953497 0.000552224
0.976541 0.953541 0.000551168
0.976563 0.953585 0.000550115
0.976586 0.953628 0.000549064
0.976607 0.953672 0.000548015
0.97663 0.953716 0.000546968
0.976652 0.95376 0.000545923
0.976675 0.953803 0.00054488
0.976697 0.953847 0.000543839
0.976719 0.953891 0.0005428
0.976741 0.953934 0.000541763
0.976764 0.953978 0.000540728
0.976786 0.954021 0.000539695
0.976808 0.954065 0.000538664
0.97683 0.954108 0.000537635
0.976853 0.954151 0.000536608
0.976874 0.954195 0.000535583
0.976897 0.954238 0.00053456
0.976919 0.954281 0.000533539
0.976941 0.954324 0.00053252
0.976963 0.954367 0.000531503
0.976985 0.95441 0.000530488
0.977007 0.954454 0.000529475
0.977029 0.954496 0.000528464
0.977051 0.95454 0.000527455
0.977073 0.954582 0.000526448
0.977094 0.954625 0.000525443
0.977117 0.954668 0.000524439
0.977138 0.954711 0.000523438
0.97716 0.954754 0.000522439
0.977182 0.954796 0.000521441
0.977204 0.954839 0.000520446
0.977225 0.954882 0.000519452
0.977247 0.954924 0.000518461
0.977269 0.954967 0.000517471
0.977291 0.955009 0.000516483
0.977312 0.955052 0.000515498
0.977334 0.955094 0.000514514
0.977356 0.955137 0.000513532
0.977377 0.955179 0.000512552
0.977399 0.955221 0.000511573
0.97742 0.955263 0.000510597
0.977442 0.955306 0.000509623
0.977464 0.955348 0.00050865
0.977485 0.95539 0.00050768
0.977507 0.955432 0.000506711
0.977528 0.955474 0.000505744
0.977549 0.955516 0.000504779
0.977571 0.955558 0.000503816
0.977592 0.9556 0.000502855
0.977614 0.955642 0.000501895
0.977635 0.955684 0.000500938
0.977656 0.955726 0.000499982
0.977678 0.955767 0.000499029
0.977699 0.955809 0.000498077
0.97772 0.955851 0.000497127
0.977741 0.955893 0.000496178
0.977763 0.955934 0.000495232
0.977784 0.955976 0.000494287
0.977805 0.956017 0.000493345
0.977826 0.956059 0.000492404
0.977848 0.9561 0.000491465
0.977869 0.956142 0.000490527
0.97789 0.956183 0.000489592
0.977911 0.956224 0.000488658
0.977932 0.956266 0.000487726
0.977953 0.956307 0.000486796
0.977974 0.956348 0.000485868
0.977995 0.956389 0.000484942
0.978016 0.95643 0.000484017
0.978037 0.956472 0.000483094
0.978058 0.956513 0.000482173
0.978079 0.956554 0.000481254
0.9781 0.956595 0.000480337
0.978121 0.956636 0.000479421
0.978141 0.956676 0.000478507
0.978162 0.956717 0.000477595
0.978183 0.956758 0.000476685
0.978204 0.956799 0.000475776
0.978225 0.95684 0.000474869
0.978245 0.95688 0.000473964
0.978266 0.956921 0.000473061
0.978287 0.956962 0.000472159
0.978308 0.957002 0.000471259
0.978328 0.957043 0.000470361
0.978349 0.957083 0.000469465
0.97837 0.957124 0.00046857
0.97839 0.957164 0.000467677
0.978411 0.957204 0.000466786
0.978431 0.957245 0.000465897
0.978452 0.957285 0.000465009
0.978473 0.957325 0.000464123
0.978493 0.957366 0.000463239
0.978514 0.957406 0.000462356
0.978534 0.957446 0.000461475
0.978554 0.957486 0.000460596
0.978575 0.957526 0.000459719
0.978595 0.957566 0.000458843
0.978616 0.957606 0.000457969
0.978636 0.957646 0.000457097
0.978656 0.957686 0.000456226
0.978677 0.957726 0.000455357
0.978697 0.957766 0.00045449
0.978717 0.957806 0.000453624
0.978738 0.957845 0.00045276
0.978758 0.957885 0.000451898
0.978778 0.957925 0.000451037
0.978798 0.957964 0.000450179
0.978819 0.958004 0.000449321
0.978839 0.958044 0.000448466
0.978859 0.958083 0.000447612
0.978879 0.958123 0.000446759
0.978899 0.958162 0.000445909
0.978919 0.958202 0.00044506
0.978939 0.958241 0.000444212
0.978959 0.95828 0.000443367
0.978979 0.95832 0.000442523
0.978999 0.958359 0.00044168
0.979019 0.958398 0.000440839
0.979039 0.958437 0.00044
0.979059 0.958476 0.000439163
0.979079 0.958516 0.000438327
0.979099 0.958555 0.000437492
0.979119 0.958594 0.00043666
0.979139 0.958633 0.000435828
0.979159 0.958672 0.000434999
0.979179 0.958711 0.000434171
0.979199 0.95875 0.000433345
0.979218 0.958788 0.00043252
0.979238 0.958827 0.000431697
0.979258 0.958866 0.000430875
0.979278 0.958905 0.000430055
0.979297 0.958943 0.000429237
0.979317 0.958982 0.00042842
0.979337 0.959021 0.000427605
0.979356 0.959059 0.000426792
0.979376 0.959098 0.00042598
0.979396 0.959136 0.000425169
0.979415 0.959175 0.00042436
0.979435 0.959213 0.000423553
0.979454 0.959252 0.000422747
0.979474 0.95929 0.000421943
0.979494 0.959329 0.00042114
0.979513 0.959367 0.000420339
0.979533 0.959405 0.00041954
0.979552 0.959443 0.000418742
0.979571 0.959482 0.000417945
0.979591 0.95952 0.00041715
0.97961 0.959558 0.000416357
0.97963 0.959596 0.000415565
0.979649 0.959634 0.000414774
0.979668 0.959672 0.000413986
0.979688 0.95971 0.000413198
0.979707 0.959748 0.000412413
0.979726 0.959786 0.000411628
0.979746 0.959824 0.000410846
0.979765 0.959861 0.000410064
0.979784 0.959899 0.000409285
0.979803 0.959937 0.000408506
0.979823 0.959975 0.00040773
0.979842 0.960012 0.000406955
0.979861 0.96005 0.000406181
0.97988 0.960088 0.000405409
0.979899 0.960125 0.000404638
0.979918 0.960163 0.000403869
0.979938 0.9602 0.000403101
0.979957 0.960238 0.000402335
0.979976 0.960275 0.00040157
0.979995 0.960313 0.000400807
0.980014 0.96035 0.000400045
0.980033 0.960387 0.000399284
0.980052 0.960424 0.000398525
0.980071 0.960462 0.000397768
0.98009 0.960499 0.000397012
0.980109 0.960536 0.000396258
0.980127 0.960573 0.000395504
0.980146 0.96061 0.000394753
0.980165 0.960647 0.000394003
0.980184 0.960684 0.000393254
0.980203 0.960721 0.000392507
0.980222 0.960758 0.000391761
0.980241 0.960795 0.000391016
0.980259 0.960832 0.000390274
0.980278 0.960869 0.000389532
0.980297 0.960906 0.000388792
0.980316 0.960943 0.000388053
0.980334 0.960979 0.000387316
0.980353 0.961016 0.00038658
0.980372 0.961053 0.000385846
0.98039 0.961089 0.000385113
0.980409 0.961126 0.000384381
0.980428 0.961163 0.000383651
0.980446 0.961199 0.000382922
0.980465 0.961236 0.000382195
0.980483 0.961272 0.000381469
0.980502 0.961309 0.000380745
0.98052 0.961345 0.000380021
0.980539 0.961381 0.0003793
0.980557 0.961418 0.000378579
0.980576 0.961454 0.00037786
0.980594 0.96149 0.000377143
0.980613 0.961527 0.000376427
0.980631 0.961563 0.000375712
0.980649 0.961599 0.000374998
0.980668 0.961635 0.000374286
0.980686 0.961671 0.000373576
0.980705 0.961707 0.000372866
0.980723 0.961743 0.000372158
0.980741 0.961779 0.000371452
0.980759 0.961815 0.000370746
0.980778 0.961851 0.000370043
0.980796 0.961887 0.00036934
0.980814 0.961923 0.000368639
0.980832 0.961959 0.000367939
0.980851 0.961994 0.000367241
0.980869 0.96203 0.000366543
0.980887 0.962066 0.000365848
0.980905 0.962101 0.000365153
0.980923 0.962137 0.00036446
0.980941 0.962173 0.000363768
0.98096 0.962208 0.000363078
0.980978 0.962244 0.000362389
0.980996 0.962279 0.000361701
0.981014 0.962315 0.000361015
0.981032 0.96235 0.000360329
0.98105 0.962386 0.000359646
0.981068 0.962421 0.000358963
0.981086 0.962456 0.000358282
0.981104 0.962492 0.000357602
0.981122 0.962527 0.000356924
0.981139 0.962562 0.000356246
0.981157 0.962597 0.00035557
0.981175 0.962632 0.000354896
0.981193 0.962668 0.000354222
0.981211 0.962703 0.00035355
0.981229 0.962738 0.00035288
0.981247 0.962773 0.00035221
0.981264 0.962808 0.000351542
0.981282 0.962843 0.000350875
0.9813 0.962878 0.000350209
0.981318 0.962913 0.000349545
0.981335 0.962947 0.000348882
0.981353 0.962982 0.00034822
0.981371 0.963017 0.00034756
0.981389 0.963052 0.000346901
0.981406 0.963087 0.000346243
0.981424 0.963121 0.000345586
0.981441 0.963156 0.00034493
0.981459 0.96319 0.000344276
0.981477 0.963225 0.000343623
0.981494 0.96326 0.000342972
0.981512 0.963294 0.000342321
0.981529 0.963329 0.000341672
0.981547 0.963363 0.000341024
0.981564 0.963398 0.000340378
0.981582 0.963432 0.000339732
0.981599 0.963466 0.000339088
0.981617 0.963501 0.000338445
0.981634 0.963535 0.000337803
0.981652 0.963569 0.000337163
0.981669 0.963603 0.000336524
0.981686 0.963638 0.000335886
0.981704 0.963672 0.000335249
0.981721 0.963706 0.000334613
0.981738 0.96374 0.000333979
0.981756 0.963774 0.000333346
0.981773 0.963808 0.000332714
0.98179 0.963842 0.000332083
0.981808 0.963876 0.000331454
0.981825 0.96391 0.000330825
0.981842 0.963944 0.000330198
0.981859 0.963978 0.000329573
0.981877 0.964012 0.000328948
0.981894 0.964046 0.000328324
0.981911 0.964079 0.000327702
0.981928 0.964113 0.000327081
0.981945 0.964147 0.000326461
0.981962 0.96418 0.000325843
0.981979 0.964214 0.000325225
0.981996 0.964248 0.000324609
0.982013 0.964281 0.000323994
0.982031 0.964315 0.00032338
0.982048 0.964348 0.000322767
0.982065 0.964382 0.000322156
0.982082 0.964415 0.000321545
0.982099 0.964449 0.000320936
0.982116 0.964482 0.000320328
0.982132 0.964515 0.000319721
0.982149 0.964549 0.000319115
0.982166 0.964582 0.000318511
0.982183 0.964615 0.000317907
0.9822 0.964649 0.000317305
0.982217 0.964682 0.000316704
0.982234 0.964715 0.000316104
0.982251 0.964748 0.000315505
0.982267 0.964781 0.000314908
0.982284 0.964814 0.000314311
0.982301 0.964847 0.000313716
0.982318 0.96488 0.000313122
0.982335 0.964913 0.000312529
0.982351 0.964946 0.000311937
0.982368 0.964979 0.000311346
0.982385 0.965012 0.000310756
0.982401 0.965045 0.000310168
0.982418 0.965078 0.00030958
0.982435 0.96511 0.000308994
0.982451 0.965143 0.000308409
0.982468 0.965176 0.000307825
0.982485 0.965209 0.000307242
0.982501 0.965241 0.00030666
0.982518 0.965274 0.00030608
0.982534 0.965307 0.0003055
0.982551 0.965339 0.000304922
0.982567 0.965372 0.000304345
0.982584 0.965404 0.000303768
0.9826 0.965437 0.000303193
0.982617 0.965469 0.000302619
0.982633 0.965502 0.000302046
0.98265 0.965534 0.000301475
0.982666 0.965566 0.000300904
0.982683 0.965599 0.000300334
0.982699 0.965631 0.000299766
0.982715 0.965663 0.000299198
0.982732 0.965695 0.000298632
0.982748 0.965728 0.000298067
0.982764 0.96576 0.000297503
0.982781 0.965792 0.00029694
0.982797 0.965824 0.000296378
0.982813 0.965856 0.000295817
0.98283 0.965888 0.000295257
0.982846 0.96592 0.000294698
0.982862 0.965952 0.00029414
0.982878 0.965984 0.000293584
0.982895 0.966016 0.000293028
0.982911 0.966048 0.000292474
0.982927 0.96608 0.00029192
0.982943 0.966112 0.000291368
0.982959 0.966143 0.000290816
0.982975 0.966175 0.000290266
0.982992 0.966207 0.000289717
0.983008 0.966239 0.000289169
0.983024 0.96627 0.000288622
0.98304 0.966302 0.000288076
0.983056 0.966334 0.000287531
0.983072 0.966365 0.000286987
0.983088 0.966397 0.000286444
0.983104 0.966428 0.000285902
0.98312 0.96646 0.000285361
0.983136 0.966491 0.000284821
0.983152 0.966523 0.000284283
0.983168 0.966554 0.000283745
0.983184 0.966585 0.000283208
0.9832 0.966617 0.000282672
0.983215 0.966648 0.000282138
0.983231 0.966679 0.000281604
0.983247 0.966711 0.000281072
0.983263 0.966742 0.00028054
0.983279 0.966773 0.000280009
0.983295 0.966804 0.00027948
0.983311 0.966835 0.000278951
0.983326 0.966866 0.000278424
0.983342 0.966898 0.000277897
0.983358 0.966929 0.000277372
0.983374 0.96696 0.000276847
0.983389 0.966991 0.000276324
0.983405 0.967022 0.000275801
0.983421 0.967053 0.00027528
0.983436 0.967083 0.000274759
0.983452 0.967114 0.00027424
0.983468 0.967145 0.000273721
0.983483 0.967176 0.000273204
0.983499 0.967207 0.000272687
0.983515 0.967237 0.000272172
0.98353 0.967268 0.000271657
0.983546 0.967299 0.000271144
0.983561 0.96733 0.000270631
0.983577 0.96736 0.000270119
0.983592 0.967391 0.000269609
0.983608 0.967421 0.000269099
0.983623 0.967452 0.000268591
0.983639 0.967482 0.000268083
0.983654 0.967513 0.000267576
0.98367 0.967543 0.00026707
0.983685 0.967574 0.000266566
0.983701 0.967604 0.000266062
0.983716 0.967635 0.000265559
0.983731 0.967665 0.000265057
0.983747 0.967695 0.000264556
0.983762 0.967726 0.000264056
0.983778 0.967756 0.000263557
0.983793 0.967786 0.000263059
0.983808 0.967816 0.000262562
0.983824 0.967846 0.000262066
0.983839 0.967877 0.000261571
0.983854 0.967907 0.000261076
0.983869 0.967937 0.000260583
0.983885 0.967967 0.000260091
0.9839 0.967997 0.000259599
0.983915 0.968027 0.000259109
0.98393 0.968057 0.000258619
0.983945 0.968087 0.000258131
0.983961 0.968117 0.000257643
0.983976 0.968147 0.000257156
0.983991 0.968177 0.000256671
0.984006 0.968206 0.000256186
0.984021 0.968236 0.000255702
0.984036 0.968266 0.000255219
0.984051 0.968296 0.000254737
0.984066 0.968325 0.000254255
0.984081 0.968355 0.000253775
0.984096 0.968385 0.000253296
0.984112 0.968414 0.000252817
0.984127 0.968444 0.00025234
0.984142 0.968474 0.000251863
0.984157 0.968503 0.000251388
0.984171 0.968533 0.000250913
0.984186 0.968562 0.000250439
0.984201 0.968592 0.000249966
0.984216 0.968621 0.000249494
0.984231 0.96865 0.000249023
0.984246 0.96868 0.000248552
0.984261 0.968709 0.000248083
0.984276 0.968738 0.000247615
0.984291 0.968768 0.000247147
0.984306 0.968797 0.00024668
0.98432 0.968826 0.000246215
0.984335 0.968855 0.00024575
0.98435 0.968885 0.000245286
0.984365 0.968914 0.000244823
0.98438 0.968943 0.00024436
0.984394 0.968972 0.000243899
0.984409 0.969001 0.000243439
0.984424 0.96903 0.000242979
0.984438 0.969059 0.00024252
0.984453 0.969088 0.000242062
0.984468 0.969117 0.000241605
0.984482 0.969146 0.000241149
0.984497 0.969175 0.000240694
0.984512 0.969204 0.00024024
0.984526 0.969233 0.000239786
0.984541 0.969262 0.000239334
0.984556 0.96929 0.000238882
0.98457 0.969319 0.000238431
0.984585 0.969348 0.000237981
0.984599 0.969377 0.000237532
0.984614 0.969405 0.000237084
0.984628 0.969434 0.000236636
0.984643 0.969463 0.00023619
0.984657 0.969491 0.000235744
0.984672 0.96952 0.000235299
0.984686 0.969548 0.000234855
0.984701 0.969577 0.000234412
0.984715 0.969605 0.000233969
0.98473 0.969634 0.000233528
0.984744 0.969662 0.000233087
0.984758 0.969691 0.000232647
0.984773 0.969719 0.000232208
0.984787 0.969747 0.00023177
0.984802 0.969776 0.000231333
0.984816 0.969804 0.000230896
0.98483 0.969832 0.000230461
0.984845 0.969861 0.000230026
0.984859 0.969889 0.000229592
0.984873 0.969917 0.000229159
0.984887 0.969945 0.000228727
0.984902 0.969973 0.000228295
0.984916 0.970001 0.000227864
0.98493 0.97003 0.000227435
0.984944 0.970058 0.000227006
0.984959 0.970086 0.000226577
0.984973 0.970114 0.00022615
0.984987 0.970142 0.000225723
0.985001 0.97017 0.000225298
0.985015 0.970198 0.000224873
0.985029 0.970225 0.000224448
0.985044 0.970253 0.000224025
0.985058 0.970281 0.000223603
0.985072 0.970309 0.000223181
0.985086 0.970337 0.00022276
0.9851 0.970365 0.00022234
0.985114 0.970392 0.000221921
0.985128 0.97042 0.000221502
0.985142 0.970448 0.000221084
0.985156 0.970475 0.000220667
0.98517 0.970503 0.000220251
0.985184 0.970531 0.000219836
0.985198 0.970558 0.000219421
0.985212 0.970586 0.000219008
0.985226 0.970613 0.000218595
0.98524 0.970641 0.000218183
0.985254 0.970668 0.000217771
0.985268 0.970696 0.000217361
0.985282 0.970723 0.000216951
0.985295 0.970751 0.000216542
0.985309 0.970778 0.000216134
0.985323 0.970805 0.000215726
0.985337 0.970833 0.000215319
0.985351 0.97086 0.000214913
0.985365 0.970887 0.000214508
0.985379 0.970915 0.000214104
0.985392 0.970942 0.0002137
0.985406 0.970969 0.000213297
0.98542 0.970996 0.000212895
0.985434 0.971023 0.000212494
0.985447 0.97105 0.000212094
0.985461 0.971078 0.000211694
0.985475 0.971105 0.000211295
0.985488 0.971132 0.000210897
0.985502 0.971159 0.000210499
0.985516 0.971186 0.000210102
0.985529 0.971213 0.000209706
0.985543 0.97124 0.000209311
0.985557 0.971267 0.000208917
0.98557 0.971293 0.000208523
0.985584 0.97132 0.00020813
0.985598 0.971347 0.000207738
0.985611 0.971374 0.000207346
0.985625 0.971401 0.000206955
0.985638 0.971427 0.000206566
0.985652 0.971454 0.000206176
0.985665 0.971481 0.000205788
0.985679 0.971508 0.0002054
0.985692 0.971534 0.000205013
0.985706 0.971561 0.000204627
0.985719 0.971588 0.000204241
0.985733 0.971614 0.000203856
0.985746 0.971641 0.000203472
0.98576 0.971667 0.000203089
0.985773 0.971694 0.000202706
0.985786 0.97172 0.000202324
0.9858 0.971747 0.000201943
0.985813 0.971773 0.000201563
0.985827 0.9718 0.000201183
0.98584 0.971826 0.000200804
0.985853 0.971852 0.000200426
0.985867 0.971879 0.000200048
0.98588 0.971905 0.000199671
0.985893 0.971931 0.000199295
0.985906 0.971957 0.00019892
0.98592 0.971984 0.000198545
0.985933 0.97201 0.000198171
0.985946 0.972036 0.000197798
0.98596 0.972062 0.000197426
0.985973 0.972088 0.000197054
0.985986 0.972115 0.000196683
0.985999 0.972141 0.000196312
0.986012 0.972167 0.000195942
0.986026 0.972193 0.000195573
0.986039 0.972219 0.000195205
0.986052 0.972245 0.000194838
0.986065 0.972271 0.000194471
0.986078 0.972297 0.000194104
0.986091 0.972323 0.000193739
0.986104 0.972348 0.000193374
0.986117 0.972374 0.00019301
0.986131 0.9724 0.000192647
0.986144 0.972426 0.000192284
0.986157 0.972452 0.000191922
0.98617 0.972477 0.00019156
0.986183 0.972503 0.0001912
0.986196 0.972529 0.00019084
0.986209 0.972555 0.00019048
0.986222 0.97258 0.000190122
0.986235 0.972606 0.000189764
0.986248 0.972632 0.000189407
0.986261 0.972657 0.00018905
0.986274 0.972683 0.000188694
0.986286 0.972708 0.000188339
0.986299 0.972734 0.000187984
0.986312 0.972759 0.000187631
0.986325 0.972785 0.000187277
0.986338 0.97281 0.000186925
0.986351 0.972836 0.000186573
0.986364 0.972861 0.000186222
0.986377 0.972886 0.000185871
0.986389 0.972912 0.000185521
0.986402 0.972937 0.000185172
0.986415 0.972962 0.000184824
0.986428 0.972988 0.000184476
0.986441 0.973013 0.000184129
0.986453 0.973038 0.000183782
0.986466 0.973063 0.000183436
0.986479 0.973089 0.000183091
0.986492 0.973114 0.000182747
0.986504 0.973139 0.000182403
0.986517 0.973164 0.000182059
0.98653 0.973189 0.000181717
0.986542 0.973214 0.000181375
0.986555 0.973239 0.000181034
0.986568 0.973264 0.000180693
0.98658 0.973289 0.000180353
0.986593 0.973314 0.000180014
0.986606 0.973339 0.000179675
0.986618 0.973364 0.000179337
0.986631 0.973389 0.000178999
0.986643 0.973414 0.000178663
0.986656 0.973439 0.000178326
0.986669 0.973464 0.000177991
0.986681 0.973488 0.000177656
0.986694 0.973513 0.000177322
0.986706 0.973538 0.000176988
0.986719 0.973563 0.000176655
0.986731 0.973587 0.000176323
0.986744 0.973612 0.000175991
0.986756 0.973637 0.00017566
0.986769 0.973661 0.00017533
0.986781 0.973686 0.000175
0.986793 0.973711 0.000174671
0.986806 0.973735 0.000174342
0.986818 0.97376 0.000174014
0.986831 0.973784 0.000173687
0.986843 0.973809 0.00017336
0.986855 0.973833 0.000173034
0.986868 0.973858 0.000172709
0.98688 0.973882 0.000172384
0.986893 0.973906 0.00017206
0.986905 0.973931 0.000171736
0.986917 0.973955 0.000171413
0.986929 0.97398 0.000171091
0.986942 0.974004 0.000170769
0.986954 0.974028 0.000170448
0.986966 0.974052 0.000170127
0.986979 0.974077 0.000169807
0.986991 0.974101 0.000169488
0.987003 0.974125 0.000169169
0.987015 0.974149 0.000168851
0.987028 0.974173 0.000168534
0.98704 0.974198 0.000168217
0.987052 0.974222 0.000167901
0.987064 0.974246 0.000167585
0.987076 0.97427 0.00016727
0.987088 0.974294 0.000166955
0.987101 0.974318 0.000166641
0.987113 0.974342 0.000166328
0.987125 0.974366 0.000166015
0.987137 0.97439 0.000165703
0.987149 0.974414 0.000165392
0.987161 0.974438 0.000165081
0.987173 0.974462 0.00016477
0.987185 0.974485 0.000164461
0.987197 0.974509 0.000164152
0.987209 0.974533 0.000163843
0.987221 0.974557 0.000163535
0.987233 0.974581 0.000163228
0.987245 0.974604 0.000162921
0.987257 0.974628 0.000162614
0.987269 0.974652 0.000162309
0.987281 0.974676 0.000162004
0.987293 0.974699 0.000161699
0.987305 0.974723 0.000161395
0.987317 0.974746 0.000161092
0.987329 0.97477 0.000160789
0.987341 0.974794 0.000160487
0.987353 0.974817 0.000160185
0.987365 0.974841 0.000159884
0.987377 0.974864 0.000159584
0.987389 0.974888 0.000159284
0.9874 0.974911 0.000158985
0.987412 0.974935 0.000158686
0.987424 0.974958 0.000158388
0.987436 0.974981 0.00015809
0.987448 0.975005 0.000157793
0.987459 0.975028 0.000157496
0.987471 0.975051 0.0001572
0.987483 0.975075 0.000156905
0.987495 0.975098 0.00015661
0.987507 0.975121 0.000156316
0.987518 0.975144 0.000156022
0.98753 0.975168 0.000155729
0.987542 0.975191 0.000155437
0.987553 0.975214 0.000155144
0.987565 0.975237 0.000154853
0.987577 0.97526 0.000154562
0.987589 0.975283 0.000154272
0.9876 0.975307 0.000153982
0.987612 0.97533 0.000153693
0.987623 0.975353 0.000153404
0.987635 0.975376 0.000153116
0.987647 0.975399 0.000152828
0.987658 0.975422 0.000152541
0.98767 0.975445 0.000152254
0.987682 0.975468 0.000151968
0.987693 0.97549 0.000151683
0.987705 0.975513 0.000151398
0.987716 0.975536 0.000151114
0.987728 0.975559 0.00015083
0.987739 0.975582 0.000150546
0.987751 0.975605 0.000150264
0.987762 0.975627 0.000149981
0.987774 0.97565 0.0001497
0.987785 0.975673 0.000149419
0.987797 0.975696 0.000149138
0.987808 0.975718 0.000148858
0.98782 0.975741 0.000148578
0.987831 0.975764 0.000148299
0.987843 0.975786 0.000148021
0.987854 0.975809 0.000147743
0.987865 0.975831 0.000147465
0.987877 0.975854 0.000147188
0.987888 0.975877 0.000146912
0.9879 0.975899 0.000146636
0.987911 0.975922 0.000146361
0.987922 0.975944 0.000146086
0.987934 0.975967 0.000145812
0.987945 0.975989 0.000145538
0.987956 0.976011 0.000145265
0.987968 0.976034 0.000144992
0.987979 0.976056 0.00014472
0.98799 0.976079 0.000144448
0.988001 0.976101 0.000144177
0.988013 0.976123 0.000143906
0.988024 0.976145 0.000143636
0.988035 0.976168 0.000143366
0.988046 0.97619 0.000143097
0.988058 0.976212 0.000142828
0.988069 0.976234 0.00014256
0.98808 0.976257 0.000142293
0.988091 0.976279 0.000142025
0.988103 0.976301 0.000141759
0.988114 0.976323 0.000141493
0.988125 0.976345 0.000141227
0.988136 0.976367 0.000140962
0.988147 0.976389 0.000140697
0.988158 0.976411 0.000140433
0.988169 0.976433 0.00014017
0.98818 0.976455 0.000139907
0.988192 0.976477 0.000139644
0.988203 0.976499 0.000139382
0.988214 0.976521 0.00013912
0.988225 0.976543 0.000138859
0.988236 0.976565 0.000138598
0.988247 0.976587 0.000138338
0.988258 0.976609 0.000138079
0.988269 0.976631 0.00013782
0.98828 0.976652 0.000137561
0.988291 0.976674 0.000137303
0.988302 0.976696 0.000137045
0.988313 0.976718 0.000136788
0.988324 0.976739 0.000136531
0.988335 0.976761 0.000136275
0.988346 0.976783 0.000136019
0.988357 0.976804 0.000135764
0.988368 0.976826 0.000135509
0.988379 0.976848 0.000135255
0.98839 0.976869 0.000135001
0.9884 0.976891 0.000134748
0.988411 0.976912 0.000134495
0.988422 0.976934 0.000134243
0.988433 0.976956 0.000133991
0.988444 0.976977 0.000133739
0.988455 0.976999 0.000133488
0.988466 0.97702 0.000133238
0.988476 0.977041 0.000132988
0.988487 0.977063 0.000132739
0.988498 0.977084 0.000132489
0.988509 0.977106 0.000132241
0.98852 0.977127 0.000131993
0.98853 0.977148 0.000131745
0.988541 0.97717 0.000131498
0.988552 0.977191 0.000131251
0.988563 0.977212 0.000131005
0.988573 0.977234 0.000130759
0.988584 0.977255 0.000130514
0.988595 0.977276 0.000130269
0.988606 0.977297 0.000130025
0.988616 0.977318 0.000129781
0.988627 0.97734 0.000129538
0.988638 0.977361 0.000129295
0.988648 0.977382 0.000129052
0.988659 0.977403 0.00012881
0.98867 0.977424 0.000128568
0.98868 0.977445 0.000128327
0.988691 0.977466 0.000128087
0.988701 0.977487 0.000127846
0.988712 0.977508 0.000127607
0.988723 0.977529 0.000127367
0.988733 0.97755 0.000127128
0.988744 0.977571 0.00012689
0.988754 0.977592 0.000126652
0.988765 0.977613 0.000126415
0.988775 0.977634 0.000126177
0.988786 0.977655 0.000125941
0.988796 0.977675 0.000125705
0.988807 0.977696 0.000125469
0.988817 0.977717 0.000125234
0.988828 0.977738 0.000124999
0.988838 0.977759 0.000124764
0.988849 0.977779 0.00012453
0.988859 0.9778 0.000124297
0.98887 0.977821 0.000124064
0.98888 0.977841 0.000123831
0.988891 0.977862 0.000123599
0.988901 0.977883 0.000123367
0.988911 0.977903 0.000123136
0.988922 0.977924 0.000122905
0.988932 0.977945 0.000122675
0.988943 0.977965 0.000122445
0.988953 0.977986 0.000122215
0.988963 0.978006 0.000121986
0.988974 0.978027 0.000121757
