0 0 1
0.01 0 0.980101
0.0199972 0.00744136 0.965364
0.0299999 0.00113551 0.940906
0.0399898 -0.00422131 0.925007
0.0499413 -0.00423455 0.907139
0.0598505 -0.00114598 0.886116
0.0697322 0.00329277 0.865645
0.0796103 0.00780304 0.847332
0.0895071 0.0112042 0.830017
0.099432 0.0129412 0.811956
0.109376 0.0133404 0.793402
0.11931 0.0131976 0.775723
0.129194 0.0134451 0.759356
0.138989 0.0148092 0.743373
0.148668 0.0175029 0.726881
0.158234 0.0213169 0.709954
0.167713 0.0258557 0.693218
0.177145 0.0306529 0.677143
0.186572 0.0352403 0.661683
0.196022 0.0392717 0.646452
0.2055 0.0426588 0.631249
0.214982 0.0455997 0.616292
0.224424 0.0484807 0.601873
0.233776 0.0517157 0.587961
0.242991 0.055589 0.574257
0.252049 0.060176 0.560554
0.26096 0.0653653 0.546928
0.26976 0.0709238 0.533592
0.278497 0.0765647 0.520666
0.287215 0.0820258 0.508085
0.295939 0.087156 0.495721
0.304662 0.0919721 0.483566
0.313353 0.0966449 0.471722
0.321961 0.101419 0.460238
0.330438 0.106508 0.449032
0.338752 0.112019 0.437996
0.346906 0.117927 0.427116
0.354928 0.124096 0.416471
0.362863 0.130339 0.40612
0.370757 0.136475 0.396043
0.378635 0.142402 0.386187
0.386491 0.148134 0.376548
0.394294 0.153786 0.367163
0.401999 0.15952 0.358039
0.409567 0.165465 0.349131
0.41698 0.171667 0.340398
0.42425 0.17808 0.331852
0.431411 0.184586 0.323527
0.438507 0.19105 0.315428
0.445566 0.197377 0.30753
0.452594 0.203552 0.299819
0.45957 0.209641 0.292309
0.466455 0.215753 0.285004
0.473217 0.221983 0.277881
0.479841 0.228366 0.27092
0.486338 0.234864 0.264124
0.492742 0.241391 0.257508
0.499086 0.247851 0.251067
0.505391 0.254192 0.244789
0.511654 0.260424 0.238669
0.517849 0.266612 0.232712
0.523946 0.272835 0.226911
0.529926 0.279139 0.221253
0.53579 0.28552 0.215731
0.541561 0.291922 0.210353
0.547268 0.298274 0.205117
0.552932 0.30453 0.200015
0.558552 0.310691 0.195043
0.56411 0.316803 0.190201
0.569581 0.322923 0.185486
0.57495 0.329085 0.180887
0.580221 0.335282 0.176404
0.585414 0.341467 0.172036
0.590552 0.347592 0.167782
0.595649 0.353631 0.163636
0.600698 0.359596 0.159596
0.605682 0.365528 0.155662
0.610583 0.371466 0.151827
0.615396 0.377421 0.148087
0.620131 0.383371 0.144442
0.62481 0.389275 0.140891
0.629445 0.395108 0.13743
0.634038 0.400869 0.134057
0.638575 0.406585 0.13077
0.643042 0.412288 0.127567
0.647433 0.41799 0.124443
0.651755 0.423679 0.121397
0.656024 0.429324 0.118428
0.660251 0.434905 0.115535
0.664438 0.440422 0.112713
0.668573 0.445896 0.109963
0.672646 0.45135 0.107282
0.676653 0.456792 0.104667
0.680601 0.462209 0.102117
0.684504 0.467578 0.0996315
0.688368 0.472887 0.0972073
0.692192 0.478142 0.0948435
0.695966 0.48336 0.0925385
0.699683 0.488557 0.0902903
0.703343 0.493731 0.0880974
0.706956 0.49887 0.0859588
0.710531 0.503957 0.083873
0.714069 0.508989 0.0818385
0.717566 0.513978 0.0798543
0.721014 0.518937 0.0779187
0.724411 0.523871 0.0760303
0.727762 0.528774 0.0741881
0.731075 0.533631 0.0723911
0.734354 0.538437 0.070638
0.737597 0.543199 0.0689277
0.740797 0.547927 0.0672591
0.743951 0.552627 0.065631
0.747063 0.557296 0.0640424
0.750139 0.561922 0.0624924
0.753182 0.566502 0.06098
0.756192 0.571039 0.0595043
0.759164 0.575541 0.0580644
0.762094 0.580014 0.0566591
0.764986 0.584454 0.0552878
0.767845 0.588854 0.0539495
0.770674 0.59321 0.0526436
0.773471 0.597525 0.0513691
0.776232 0.601807 0.0501253
0.778957 0.606058 0.0489113
0.781647 0.610276 0.0477265
0.784307 0.614455 0.0465701
0.786938 0.618592 0.0454415
0.789539 0.622692 0.04434
0.792107 0.62676 0.0432648
0.794642 0.630796 0.0422154
0.797146 0.634798 0.041191
0.799623 0.638762 0.0401912
0.802073 0.642687 0.0392153
0.804494 0.646578 0.0382627
0.806884 0.650438 0.0373328
0.809244 0.654266 0.0364251
0.811577 0.658059 0.035539
0.813884 0.661815 0.0346741
0.816166 0.665536 0.0338299
0.81842 0.669225 0.0330057
0.820645 0.672884 0.0322012
0.822844 0.67651 0.0314158
0.825019 0.680101 0.0306491
0.82717 0.683658 0.0299007
0.829296 0.687182 0.0291701
0.831395 0.690677 0.0284569
0.833469 0.694141 0.0277607
0.83552 0.697571 0.027081
0.837548 0.700969 0.0264175
0.839553 0.704334 0.0257698
0.841533 0.70767 0.0251376
0.84349 0.710976 0.0245203
0.845424 0.714251 0.0239178
0.847337 0.717494 0.0233296
0.849228 0.720706 0.0227554
0.851097 0.723889 0.0221949
0.852943 0.727043 0.0216477
0.854768 0.730168 0.0211136
0.856573 0.733261 0.0205922
0.858357 0.736325 0.0200832
0.86012 0.73936 0.0195864
0.861862 0.742367 0.0191014
0.863584 0.745346 0.0186279
0.865287 0.748295 0.0181658
0.866971 0.751215 0.0177147
0.868635 0.754108 0.0172744
0.870279 0.756973 0.0168446
0.871904 0.759811 0.0164251
0.873511 0.76262 0.0160156
0.875099 0.765402 0.0156159
0.87667 0.768157 0.0152258
0.878221 0.770886 0.014845
0.879755 0.773588 0.0144734
0.881271 0.776263 0.0141106
0.882771 0.778912 0.0137566
0.884252 0.781534 0.0134111
0.885716 0.784132 0.0130738
0.887164 0.786703 0.0127447
0.888595 0.789248 0.0124235
0.890009 0.791768 0.0121101
0.891407 0.794263 0.0118042
0.892789 0.796734 0.0115057
0.894155 0.799179 0.0112143
0.895505 0.801599 0.0109301
0.89684 0.803996 0.0106526
0.898159 0.806368 0.0103819
0.899463 0.808716 0.0101178
0.900752 0.81104 0.00986006
0.902026 0.813341 0.00960857
0.903285 0.815618 0.00936319
0.904529 0.817872 0.00912377
0.905759 0.820103 0.00889018
0.906975 0.82231 0.00866227
0.908177 0.824495 0.00843992
0.909364 0.826658 0.00822299
0.910538 0.828798 0.00801136
0.911698 0.830916 0.00780491
0.912845 0.833012 0.00760351
0.913979 0.835086 0.00740704
0.915099 0.837138 0.00721539
0.916206 0.839169 0.00702845
0.9173 0.841179 0.0068461
0.918381 0.843167 0.00666824
0.91945 0.845135 0.00649476
0.920506 0.847081 0.00632555
0.92155 0.849007 0.00616053
0.922581 0.850913 0.00599958
0.923601 0.852798 0.00584262
0.924608 0.854663 0.00568955
0.925604 0.856509 0.00554027
0.926588 0.858334 0.00539471
0.92756 0.86014 0.00525276
0.928521 0.861926 0.00511435
0.92947 0.863693 0.00497939
0.930408 0.865441 0.00484779
0.931335 0.86717 0.00471949
0.932251 0.86888 0.0045944
0.933157 0.870572 0.00447244
0.934051 0.872245 0.00435354
0.934935 0.873899 0.00423763
0.935808 0.875536 0.00412464
0.936671 0.877154 0.0040145
0.937524 0.878755 0.00390713
0.938366 0.880338 0.00380248
0.939198 0.881903 0.00370047
0.940021 0.883451 0.00360105
0.940833 0.884982 0.00350415
0.941636 0.886495 0.00340971
0.942429 0.887992 0.00331767
0.943212 0.889472 0.00322798
0.943986 0.890935 0.00314058
0.944751 0.892382 0.00305541
0.945507 0.893812 0.00297243
0.946253 0.895227 0.00289156
0.94699 0.896625 0.00281278
0.947719 0.898007 0.00273602
0.948438 0.899374 0.00266123
0.949149 0.900724 0.00258837
0.949851 0.90206 0.0025174
0.950544 0.90338 0.00244826
0.951229 0.904685 0.00238091
0.951906 0.905975 0.00231531
0.952574 0.907249 0.00225141
0.953234 0.908509 0.00218917
0.953886 0.909755 0.00212856
0.95453 0.910986 0.00206953
0.955166 0.912202 0.00201204
0.955794 0.913405 0.00195606
0.956414 0.914593 0.00190154
0.957027 0.915767 0.00184846
0.957632 0.916927 0.00179677
0.95823 0.918074 0.00174645
0.95882 0.919207 0.00169746
0.959403 0.920327 0.00164976
0.959978 0.921433 0.00160332
0.960546 0.922526 0.00155811
0.961107 0.923606 0.00151411
0.961661 0.924673 0.00147128
0.962208 0.925727 0.00142959
0.962749 0.926769 0.00138901
0.963282 0.927798 0.00134952
0.963809 0.928814 0.00131108
0.964329 0.929819 0.00127368
0.964842 0.930811 0.00123728
0.965349 0.931791 0.00120187
0.965849 0.932758 0.00116741
0.966343 0.933715 0.00113387
0.966831 0.934659 0.00110125
0.967312 0.935592 0.00106951
0.967788 0.936513 0.00103864
0.968257 0.937423 0.0010086
0.96872 0.938321 0.000979382
0.969177 0.939209 0.000950961
0.969628 0.940085 0.000923318
0.970074 0.940951 0.000896433
0.970514 0.941805 0.000870285
0.970948 0.942649 0.000844856
0.971376 0.943482 0.000820127
0.971799 0.944305 0.00079608
0.972216 0.945118 0.000772698
0.972628 0.94592 0.000749964
0.973034 0.946712 0.00072786
0.973435 0.947494 0.00070637
0.973831 0.948266 0.000685478
0.974222 0.949028 0.000665169
0.974607 0.94978 0.000645427
0.974987 0.950523 0.000626237
0.975363 0.951256 0.000607586
0.975733 0.951979 0.000589458
0.976098 0.952694 0.00057184
0.976459 0.953399 0.000554719
0.976815 0.954095 0.000538081
0.977166 0.954782 0.000521914
0.977512 0.95546 0.000506205
0.977853 0.956129 0.000490942
0.97819 0.956789 0.000476114
0.978523 0.957441 0.000461707
0.978851 0.958084 0.000447712
0.979175 0.958718 0.000434118
0.979494 0.959344 0.000420912
0.979809 0.959962 0.000408086
0.980119 0.960572 0.000395629
0.980425 0.961173 0.00038353
0.980728 0.961767 0.000371781
0.981026 0.962353 0.000360371
0.98132 0.96293 0.000349292
0.98161 0.9635 0.000338535
0.981895 0.964063 0.00032809
0.982177 0.964617 0.000317949
0.982455 0.965164 0.000308105
0.98273 0.965704 0.000298548
0.983 0.966237 0.000289271
0.983267 0.966762 0.000280267
0.98353 0.96728 0.000271527
0.983789 0.967791 0.000263045
0.984045 0.968295 0.000254813
0.984297 0.968792 0.000246824
0.984545 0.969282 0.000239072
0.984791 0.969765 0.00023155
0.985032 0.970242 0.000224252
0.98527 0.970712 0.000217171
0.985505 0.971176 0.000210301
0.985737 0.971633 0.000203637
0.985965 0.972083 0.000197173
0.98619 0.972528 0.000190902
0.986412 0.972966 0.00018482
0.98663 0.973398 0.000178922
0.986846 0.973824 0.000173201
0.987058 0.974244 0.000167653
0.987267 0.974658 0.000162274
0.987474 0.975066 0.000157058
0.987677 0.975468 0.000152
0.987877 0.975864 0.000147096
0.988075 0.976255 0.000142343
0.98827 0.976641 0.000137734
0.988461 0.97702 0.000133267
0.98865 0.977395 0.000128937
0.988837 0.977763 0.00012474
0.98902 0.978127 0.000120672
0.989201 0.978485 0.00011673
0.989379 0.978838 0.00011291
0.989555 0.979186 0.000109209
0.989728 0.979529 0.000105622
0.989898 0.979867 0.000102147
0.990066 0.9802 9.87799e-05
