0 0 1
0.2 0 0.8
0.322346 0.0555556 0.692999
0.327124 0.0685094 0.600991
0.334428 0.0770778 0.563842
0.342127 0.0856458 0.531425
0.350447 0.094415 0.502564
0.359413 0.103465 0.476467
0.369055 0.112879 0.452489
0.379384 0.12273 0.430119
0.390393 0.133082 0.408965
0.402056 0.143987 0.388733
0.414336 0.155486 0.369206
0.427187 0.167616 0.350235
0.440567 0.180405 0.331719
0.454436 0.19388 0.313598
0.468755 0.208061 0.29584
0.483486 0.222965 0.278437
0.49859 0.2386 0.261396
0.514029 0.254969 0.244736
0.529762 0.272068 0.228485
0.545747 0.289884 0.212674
0.56194 0.308399 0.197339
0.578295 0.327584 0.182516
0.594767 0.347403 0.168239
0.611307 0.367814 0.154542
0.627864 0.388764 0.141455
0.644408 0.410199 0.129008
0.660788 0.432025 0.117195
0.677638 0.454483 0.106136
0.694759 0.480761 0.0935442
0.732882 0.531228 0.0748187
0.745437 0.549539 0.068569
0.756622 0.566661 0.0626145
0.767392 0.583436 0.0570821
0.778012 0.600191 0.0518911
0.788482 0.616921 0.0470276
0.798787 0.63359 0.0424855
0.80891 0.650161 0.038258
0.818833 0.666594 0.034337
0.828539 0.682852 0.0307135
0.838013 0.698893 0.0273776
0.847238 0.714678 0.0243187
0.856199 0.730168 0.0215248
0.864882 0.745325 0.0189837
0.873275 0.760113 0.0166823
0.881366 0.774497 0.0146068
0.889144 0.788446 0.0127432
0.896603 0.801931 0.0110773
0.903736 0.814927 0.00959476
0.910537 0.827412 0.00828118
0.917006 0.839369 0.00712248
0.923141 0.850783 0.0061049
0.928943 0.861647 0.00521516
0.934416 0.871953 0.0044405
0.939567 0.881705 0.003769
0.944392 0.890892 0.00318899
0.948934 0.899565 0.00269074
0.953102 0.907615 0.00226156
0.957357 0.915678 0.00189136
0.961471 0.923989 0.00150367
0.966352 0.933232 0.00116872
0.96949 0.939379 0.000959076
0.972219 0.944714 0.000796379
0.974722 0.949627 0.000659743
0.977016 0.954142 0.000545794
0.979118 0.958288 0.00045081
0.98104 0.962089 0.000371814
0.982798 0.96557 0.000306231
0.984402 0.968754 0.000251883
0.985865 0.971663 0.000206923
0.987198 0.974317 0.00016979
0.988412 0.976737 0.000139168
0.989515 0.97894 0.000113954
0.990518 0.980944 9.32197e-05
0.991429 0.982766 7.61918e-05
0.992255 0.98442 6.22242e-05
0.993004 0.985921 5.07796e-05
0.993683 0.987282 4.14117e-05
0.994297 0.988516 3.3751e-05
0.994853 0.989633 2.74917e-05
0.995357 0.990644 2.23815e-05
0.995811 0.991559 1.82125e-05
0.996223 0.992386 1.48136e-05
0.996594 0.993133 1.20443e-05
0.99693 0.993808 9.78916e-06
0.997232 0.994418 7.95367e-06
0.997506 0.994969 6.46042e-06
0.997752 0.995466 5.2461e-06
0.997975 0.995914 4.25899e-06
0.998176 0.996319 3.45686e-06
0.998357 0.996684 2.80523e-06
0.99852 0.997013 2.27603e-06
0.998667 0.997309 1.84636e-06
