0 0 1
0.2 0 0.8
0.322346 0.0555556 0.692999
0.329513 0.0749864 0.562397
0.354338 0.102457 0.470232
0.383511 0.130298 0.408226
0.421947 0.164314 0.352985
0.465228 0.204053 0.301316
0.508824 0.248514 0.252046
0.552772 0.296239 0.208695
0.596213 0.348813 0.167476
0.631035 0.389323 0.144024
0.660668 0.430933 0.118226
0.695324 0.475877 0.0986008
0.724835 0.518566 0.0803671
0.759389 0.570585 0.0615984
0.790718 0.620242 0.0462918
0.820516 0.668846 0.0341517
0.847817 0.715932 0.0239786
0.869244 0.751524 0.0187464
0.884763 0.780202 0.0139577
0.901481 0.809808 0.0105239
0.915482 0.835827 0.00766314
0.933587 0.869501 0.00484452
0.948018 0.897269 0.00291795
0.960518 0.921258 0.00173735
0.966954 0.934092 0.0011743
0.973749 0.947242 0.000778417
0.978707 0.95728 0.000487838
0.983255 0.966221 0.000312875
0.98656 0.972893 0.000197172
0.989368 0.978499 0.000125302
0.991539 0.982885 7.86013e-05
0.993339 0.986505 4.90971e-05
0.994745 0.98935 3.04003e-05
0.995884 0.991652 1.87318e-05
0.996773 0.993454 1.14764e-05
0.997483 0.99489 7.00525e-06
0.998035 0.99601 4.26054e-06
0.998471 0.996894 2.58474e-06
0.998809 0.997582 1.56453e-06
0.999075 0.998121 9.45479e-07
0.999281 0.998539 5.70575e-07
