0 0 1
0.2 0 0.8
0.22475 0.00625 0.79693
0.342495 0.0655643 0.700001
0.431569 0.131148 0.626759
0.54004 0.237869 0.500732
0.767112 0.527772 0.422543
0.792987 0.567705 0.416457
0.984436 0.928023 0.169102
1.0826 1.17311 0.00694012
1.08312 1.17287 0.00691572
1.08258 1.17265 0.00686448
1.08272 1.17242 0.0068446
1.08179 1.1714 0.00681957
1.04939 1.10691 0.00567715
1.01201 1.02359 0.000176898
1.01116 1.02277 0.000134969
1.01116 1.02224 0.000128509
1.01083 1.02195 0.000120207
1.01086 1.02185 0.000117937
1.01082 1.02183 0.000117621
1.01029 1.02048 0.000110571
0.996853 0.99382 1.09937e-05
0.996804 0.993633 1.02333e-05
0.996811 0.99362 1.01841e-05
