0 0 1
0.161003 0 0.771111
0.292599 0.050528 0.623519
0.344787 0.127261 0.436333
0.448428 0.188762 0.319424
0.495879 0.224595 0.29951
0.512096 0.243642 0.27265
0.601432 0.352991 0.166477
0.688855 0.458533 0.122376
0.725562 0.516595 0.0850075
0.795102 0.62414 0.0484592
0.843194 0.711022 0.0245883
0.899634 0.803261 0.0137706
0.918771 0.839436 0.00881103
0.950369 0.902503 0.00251191
0.978373 0.954796 0.00105292
0.986045 0.971232 0.000305581
0.996582 0.992925 1.80009e-05
0.999303 0.998581 5.54172e-07
1.00002 1.00003 1.42783e-08
