0 0 1
0.2 0 0.8
0.357431 0.0748441 0.692874
0.359378 0.0897913 0.565327
0.373348 0.10866 0.487114
0.396936 0.136446 0.408259
0.424992 0.165507 0.353469
0.462416 0.201683 0.303747
0.506991 0.245342 0.256743
0.550898 0.292047 0.214783
0.591462 0.339144 0.178316
0.629495 0.386775 0.146278
0.666061 0.435431 0.118249
0.701859 0.485558 0.0938557
0.736809 0.536934 0.0728142
0.770676 0.588913 0.0551183
0.802974 0.640719 0.0404583
0.834045 0.691905 0.0289293
0.852601 0.724807 0.0221765
0.870611 0.754689 0.0178133
0.888264 0.785751 0.0135489
0.909897 0.824849 0.00905679
0.927157 0.856916 0.00603752
0.94167 0.884551 0.00388309
0.953993 0.908391 0.00240937
0.964471 0.928895 0.00143365
0.973159 0.946061 0.000815948
0.977835 0.955369 0.000554152
0.981963 0.963611 0.000366217
0.98542 0.970544 0.000238506
0.98831 0.976348 0.000153297
0.990668 0.981102 9.73349e-05
0.99261 0.985018 6.11979e-05
0.994147 0.988132 3.811e-05
0.995423 0.990705 2.35638e-05
0.996382 0.992661 1.44279e-05
0.997229 0.994362 8.74727e-06
0.997816 0.995571 5.20503e-06
0.998352 0.996646 3.08069e-06
0.998712 0.997383 1.83567e-06
0.999008 0.997982 1.10429e-06
0.999227 0.998428 6.6557e-07
0.999401 0.998781 4.01265e-07
