0 0 1
0.15 0 0.773125
0.15 0.0375 0.745
0.1875 0.0375 0.660706
0.225 0.0375 0.617852
0.225 0.05625 0.603789
0.24375 0.05625 0.572915
0.2625 0.075 0.54762
0.3 0.09375 0.491406
0.35625 0.13125 0.416294
0.4125 0.16875 0.345354
0.46875 0.225 0.285007
0.525 0.28125 0.228789
0.58125 0.3375 0.175364
0.6375 0.4125 0.13512
0.69375 0.4875 0.0976466
0.75 0.5625 0.0625
0.80625 0.65625 0.0413966
0.8625 0.75 0.0226196
0.91875 0.84375 0.00661392
0.975 0.95625 0.00378906
1.03125 1.06875 0.00375748
1.03125 1.05937 0.00265884
1.02187 1.04063 0.00177705
1.0125 1.02188 0.00123291
1.00312 1.00313 0.000992441
1.00312 1.00781 0.000250864
1.00312 1.00547 7.23362e-05
1.00078 1.00078 6.17409e-05
1.00078 1.00195 1.58215e-05
1.00078 1.00137 4.44893e-06
1.0002 1.0002 3.85433e-06
1.0002 1.0002 3.85433e-06
