0 0 1
0.0196078 0 0.961184
0.0387732 0.000757367 0.924013
0.0574549 0.0022205 0.888508
0.0756213 0.00433254 0.854668
0.0932499 0.00703403 0.822472
0.110327 0.010265 0.791881
0.126848 0.0139666 0.762846
0.142812 0.0180824 0.735307
0.158226 0.0225593 0.709197
0.173101 0.0273482 0.684446
0.187451 0.0324041 0.660983
0.201294 0.0376864 0.638734
0.214647 0.0431587 0.617629
0.227529 0.0487885 0.5976
0.239961 0.0545473 0.57858
0.251962 0.0604098 0.560506
0.263553 0.066354 0.543319
0.274753 0.0723605 0.526962
0.28558 0.0784127 0.511384
0.296053 0.084496 0.496535
0.306189 0.0905978 0.482369
0.316003 0.0967072 0.468844
0.325513 0.102815 0.455921
0.334733 0.108912 0.443562
0.343676 0.114993 0.431734
0.352357 0.121051 0.420405
0.360787 0.127081 0.409546
0.368978 0.133079 0.399128
0.376942 0.139041 0.389128
0.384689 0.144964 0.379521
0.392228 0.150845 0.370285
0.399569 0.156683 0.361401
0.406721 0.162475 0.352848
0.413692 0.16822 0.34461
0.420489 0.173917 0.33667
0.427121 0.179564 0.329013
0.433593 0.185162 0.321624
0.439912 0.190709 0.31449
0.446085 0.196206 0.307598
0.452117 0.201651 0.300936
0.458014 0.207045 0.294495
0.463781 0.212388 0.288262
0.469423 0.21768 0.282229
0.474945 0.222921 0.276386
0.48035 0.228112 0.270725
0.485644 0.233252 0.265237
0.490829 0.238342 0.259916
0.495911 0.243382 0.254754
0.500892 0.248373 0.249744
0.505777 0.253315 0.244879
0.510567 0.258209 0.240155
0.515267 0.263055 0.235564
0.519879 0.267854 0.231102
0.524406 0.272605 0.226764
0.528851 0.277311 0.222544
0.533217 0.281971 0.218438
0.537505 0.286586 0.214443
0.541718 0.291156 0.210552
0.545859 0.295682 0.206764
0.54993 0.300165 0.203073
0.553932 0.304605 0.199477
0.557868 0.309002 0.195971
0.561739 0.313358 0.192554
0.565547 0.317672 0.189221
0.569295 0.321946 0.18597
0.572983 0.326179 0.182797
0.576614 0.330373 0.179701
0.580188 0.334528 0.176679
0.583708 0.338645 0.173728
0.587175 0.342723 0.170845
0.59059 0.346764 0.16803
0.593954 0.350768 0.165279
0.597269 0.354735 0.16259
0.600536 0.358667 0.159962
0.603756 0.362563 0.157393
0.60693 0.366424 0.15488
0.61006 0.37025 0.152423
0.613146 0.374042 0.150019
0.61619 0.377801 0.147667
0.619192 0.381527 0.145365
0.622153 0.38522 0.143112
0.625075 0.38888 0.140907
0.627958 0.392509 0.138747
0.630804 0.396106 0.136632
0.633612 0.399673 0.134561
0.636384 0.403209 0.132532
0.63912 0.406714 0.130544
0.641822 0.41019 0.128596
0.644489 0.413636 0.126687
0.647124 0.417054 0.124816
0.649726 0.420442 0.122982
0.652296 0.423803 0.121183
0.654834 0.427135 0.119419
0.657342 0.43044 0.117689
0.65982 0.433718 0.115993
0.662269 0.436969 0.114328
0.664689 0.440193 0.112696
0.66708 0.443391 0.111093
0.669444 0.446563 0.109521
0.67178 0.44971 0.107977
0.67409 0.452831 0.106463
0.676374 0.455928 0.104975
0.678631 0.459 0.103515
0.680864 0.462047 0.102081
0.683072 0.465071 0.100673
0.685256 0.46807 0.0992905
0.687415 0.471047 0.0979321
0.689551 0.474 0.0965977
0.691664 0.47693 0.0952868
0.693755 0.479838 0.0939987
0.695823 0.482723 0.0927329
0.697869 0.485586 0.091489
0.699894 0.488427 0.0902664
0.701898 0.491247 0.0890647
0.703881 0.494045 0.0878834
0.705843 0.496822 0.086722
0.707786 0.499579 0.0855801
0.709708 0.502314 0.0844573
0.711612 0.50503 0.0833532
0.713496 0.507725 0.0822673
0.715361 0.5104 0.0811993
0.717208 0.513056 0.0801487
0.719036 0.515692 0.0791153
0.720847 0.518308 0.0780987
0.722639 0.520906 0.0770984
0.724415 0.523485 0.0761142
0.726173 0.526045 0.0751457
0.727915 0.528586 0.0741926
0.72964 0.531109 0.0732546
0.731348 0.533615 0.0723314
0.733041 0.536102 0.0714227
0.734717 0.538572 0.0705281
0.736378 0.541024 0.0696475
0.738024 0.543459 0.0687805
0.739654 0.545876 0.0679268
0.741269 0.548277 0.0670863
0.74287 0.550661 0.0662586
0.744456 0.553029 0.0654435
0.746028 0.555379 0.0646407
0.747585 0.557714 0.06385
0.749129 0.560033 0.0630712
0.750659 0.562335 0.0623041
0.752175 0.564622 0.0615484
0.753678 0.566893 0.0608039
0.755168 0.569149 0.0600704
0.756645 0.571389 0.0593477
0.758109 0.573614 0.0586357
0.75956 0.575824 0.057934
0.760999 0.578019 0.0572425
0.762425 0.5802 0.0565611
0.76384 0.582366 0.0558895
0.765242 0.584517 0.0552275
0.766632 0.586655 0.0545751
0.768011 0.588778 0.053932
0.769378 0.590887 0.053298
0.770734 0.592982 0.052673
0.772079 0.595063 0.0520568
0.773412 0.597131 0.0514494
0.774734 0.599185 0.0508504
0.776046 0.601225 0.0502598
0.777347 0.603253 0.0496775
0.778637 0.605267 0.0491032
0.779917 0.607269 0.0485369
0.781187 0.609257 0.0479784
0.782446 0.611233 0.0474276
0.783695 0.613196 0.0468843
0.784935 0.615146 0.0463484
0.786164 0.617084 0.0458199
0.787384 0.61901 0.0452985
0.788594 0.620923 0.0447841
0.789795 0.622824 0.0442767
0.790987 0.624714 0.0437761
0.792169 0.626591 0.0432822
0.793342 0.628457 0.042795
0.794506 0.630311 0.0423142
0.79566 0.632153 0.0418397
0.796807 0.633984 0.0413716
0.797944 0.635803 0.0409096
0.799073 0.637612 0.0404538
0.800193 0.639409 0.0400039
0.801305 0.641195 0.0395599
0.802408 0.64297 0.0391216
0.803503 0.644734 0.0386891
0.80459 0.646487 0.0382622
0.805669 0.648229 0.0378408
0.806739 0.649961 0.0374248
0.807802 0.651683 0.0370142
0.808857 0.653394 0.0366089
0.809905 0.655094 0.0362087
0.810944 0.656784 0.0358137
0.811976 0.658465 0.0354236
0.813001 0.660135 0.0350385
0.814018 0.661794 0.0346583
0.815028 0.663445 0.0342829
0.81603 0.665085 0.0339122
0.817026 0.666715 0.0335462
0.818014 0.668336 0.0331847
0.818995 0.669947 0.0328278
0.819969 0.671548 0.0324753
0.820937 0.67314 0.0321271
0.821897 0.674723 0.0317833
0.822851 0.676296 0.0314438
0.823798 0.67786 0.0311084
0.824738 0.679415 0.0307772
0.825672 0.680961 0.03045
0.8266 0.682498 0.0301268
0.827521 0.684026 0.0298076
0.828435 0.685545 0.0294923
0.829344 0.687055 0.0291808
0.830246 0.688556 0.0288731
0.831141 0.690049 0.0285691
0.832031 0.691533 0.0282687
0.832915 0.693008 0.027972
0.833792 0.694476 0.0276789
0.834664 0.695934 0.0273892
0.83553 0.697385 0.0271031
0.83639 0.698827 0.0268203
0.837244 0.70026 0.0265409
0.838093 0.701686 0.0262649
0.838936 0.703103 0.0259921
0.839773 0.704513 0.0257225
0.840605 0.705914 0.0254561
0.841431 0.707308 0.0251929
0.842251 0.708694 0.0249327
0.843067 0.710072 0.0246756
0.843877 0.711442 0.0244216
0.844681 0.712804 0.0241704
0.845481 0.714159 0.0239222
0.846275 0.715507 0.0236769
0.847064 0.716846 0.0234345
0.847848 0.718179 0.0231948
0.848626 0.719504 0.022958
0.8494 0.720821 0.0227238
0.850169 0.722131 0.0224924
0.850933 0.723434 0.0222636
0.851692 0.72473 0.0220374
0.852446 0.726019 0.0218139
0.853195 0.7273 0.0215929
0.853939 0.728575 0.0213744
0.854679 0.729842 0.0211584
0.855414 0.731103 0.0209448
0.856145 0.732356 0.0207337
0.856871 0.733603 0.020525
0.857592 0.734843 0.0203186
0.858309 0.736077 0.0201145
0.859021 0.737303 0.0199128
0.859729 0.738523 0.0197133
0.860432 0.739736 0.019516
0.861131 0.740943 0.019321
0.861826 0.742143 0.0191281
0.862516 0.743337 0.0189374
0.863202 0.744524 0.0187489
0.863884 0.745705 0.0185624
0.864562 0.74688 0.018378
0.865236 0.748048 0.0181956
0.865905 0.74921 0.0180152
0.866571 0.750366 0.0178369
0.867232 0.751516 0.0176605
0.867889 0.752659 0.017486
0.868542 0.753797 0.0173135
0.869192 0.754928 0.0171429
0.869837 0.756054 0.0169741
0.870479 0.757173 0.0168071
0.871116 0.758287 0.016642
0.87175 0.759394 0.0164787
0.87238 0.760496 0.0163172
0.873006 0.761592 0.0161574
0.873629 0.762682 0.0159994
0.874248 0.763767 0.0158431
0.874863 0.764845 0.0156884
0.875474 0.765919 0.0155354
0.876082 0.766986 0.0153841
0.876687 0.768048 0.0152344
0.877287 0.769104 0.0150863
0.877884 0.770155 0.0149399
0.878478 0.771201 0.0147949
0.879068 0.772241 0.0146516
0.879655 0.773275 0.0145097
0.880238 0.774305 0.0143694
0.880818 0.775328 0.0142305
0.881395 0.776347 0.0140932
0.881968 0.77736 0.0139573
0.882538 0.778369 0.0138228
0.883104 0.779371 0.0136898
0.883668 0.780369 0.0135582
0.884228 0.781362 0.0134279
0.884784 0.782349 0.013299
0.885338 0.783332 0.0131715
0.885888 0.784309 0.0130454
0.886436 0.785282 0.0129205
0.88698 0.786249 0.012797
0.887521 0.787212 0.0126747
0.888059 0.788169 0.0125538
0.888594 0.789122 0.0124341
0.889126 0.79007 0.0123156
0.889654 0.791013 0.0121984
0.89018 0.791951 0.0120824
0.890703 0.792885 0.0119676
0.891223 0.793814 0.011854
0.89174 0.794738 0.0117416
0.892254 0.795657 0.0116303
0.892765 0.796572 0.0115202
0.893274 0.797483 0.0114112
0.893779 0.798388 0.0113034
0.894282 0.799289 0.0111966
0.894782 0.800186 0.011091
0.895279 0.801078 0.0109864
0.895773 0.801966 0.0108829
0.896265 0.802849 0.0107805
0.896754 0.803727 0.0106791
0.89724 0.804602 0.0105788
0.897723 0.805472 0.0104795
0.898204 0.806338 0.0103812
0.898682 0.807199 0.0102839
0.899158 0.808056 0.0101875
0.899631 0.808909 0.0100922
0.900101 0.809757 0.00999782
0.900569 0.810602 0.0099044
0.901034 0.811442 0.00981193
0.901497 0.812278 0.0097204
0.901957 0.81311 0.00962978
0.902414 0.813938 0.00954008
0.90287 0.814762 0.00945129
0.903322 0.815581 0.00936339
0.903773 0.816397 0.00927637
0.90422 0.817208 0.00919022
0.904666 0.818016 0.00910494
0.905109 0.81882 0.00902052
0.905549 0.81962 0.00893694
0.905988 0.820415 0.00885419
0.906423 0.821207 0.00877227
0.906857 0.821995 0.00869117
0.907288 0.82278 0.00861087
0.907717 0.82356 0.00853137
0.908144 0.824337 0.00845267
0.908568 0.825109 0.00837474
0.90899 0.825878 0.00829759
0.90941 0.826644 0.00822121
0.909828 0.827405 0.00814558
0.910243 0.828163 0.00807069
0.910656 0.828917 0.00799655
0.911067 0.829668 0.00792314
0.911476 0.830415 0.00785045
0.911883 0.831158 0.00777848
0.912287 0.831898 0.00770722
0.91269 0.832634 0.00763666
0.91309 0.833367 0.00756679
0.913488 0.834096 0.0074976
0.913884 0.834821 0.0074291
0.914278 0.835544 0.00736126
0.91467 0.836262 0.00729409
0.91506 0.836977 0.00722757
0.915448 0.837689 0.00716171
0.915834 0.838397 0.00709648
0.916218 0.839102 0.00703189
0.9166 0.839804 0.00696793
0.91698 0.840502 0.00690459
0.917357 0.841197 0.00684187
0.917733 0.841889 0.00677976
0.918107 0.842577 0.00671824
0.91848 0.843262 0.00665733
0.91885 0.843944 0.006597
0.919218 0.844622 0.00653726
0.919584 0.845298 0.00647809
0.919949 0.84597 0.0064195
0.920311 0.846638 0.00636147
0.920672 0.847304 0.006304
0.921031 0.847967 0.00624708
0.921388 0.848626 0.00619071
0.921743 0.849282 0.00613488
0.922097 0.849936 0.00607959
0.922448 0.850586 0.00602483
0.922798 0.851233 0.00597059
0.923146 0.851877 0.00591688
0.923493 0.852518 0.00586367
0.923837 0.853156 0.00581098
0.92418 0.853791 0.00575879
0.924521 0.854423 0.00570709
0.92486 0.855052 0.00565589
0.925198 0.855678 0.00560518
0.925534 0.856301 0.00555495
0.925868 0.856921 0.0055052
0.9262 0.857538 0.00545592
0.926531 0.858153 0.0054071
0.92686 0.858764 0.00535876
0.927188 0.859373 0.00531087
0.927514 0.859979 0.00526343
0.927838 0.860582 0.00521644
0.928161 0.861182 0.0051699
0.928482 0.861779 0.0051238
0.928801 0.862374 0.00507813
0.929119 0.862966 0.00503289
0.929435 0.863555 0.00498808
0.92975 0.864141 0.00494369
0.930063 0.864725 0.00489972
0.930374 0.865306 0.00485617
0.930684 0.865884 0.00481302
0.930993 0.86646 0.00477028
0.9313 0.867033 0.00472793
0.931605 0.867603 0.00468599
0.931909 0.868171 0.00464444
0.932211 0.868736 0.00460328
0.932512 0.869298 0.0045625
0.932812 0.869858 0.0045221
0.93311 0.870415 0.00448209
0.933406 0.87097 0.00444244
0.933701 0.871522 0.00440317
0.933995 0.872071 0.00436426
0.934287 0.872618 0.00432571
0.934577 0.873163 0.00428752
0.934867 0.873705 0.00424969
0.935155 0.874244 0.00421221
0.935441 0.874781 0.00417508
0.935726 0.875316 0.00413829
0.93601 0.875848 0.00410184
0.936292 0.876378 0.00406573
0.936573 0.876905 0.00402996
0.936852 0.87743 0.00399452
0.937131 0.877952 0.0039594
0.937407 0.878472 0.00392461
0.937683 0.87899 0.00389014
0.937957 0.879505 0.00385599
0.93823 0.880018 0.00382215
0.938501 0.880529 0.00378863
0.938771 0.881037 0.00375541
0.93904 0.881543 0.0037225
0.939308 0.882047 0.0036899
0.939574 0.882549 0.00365759
0.939839 0.883048 0.00362558
0.940103 0.883545 0.00359386
0.940365 0.884039 0.00356244
0.940626 0.884532 0.0035313
0.940886 0.885022 0.00350045
0.941145 0.88551 0.00346988
0.941402 0.885995 0.00343959
0.941659 0.886479 0.00340958
0.941913 0.88696 0.00337984
0.942167 0.887439 0.00335037
0.94242 0.887916 0.00332117
0.942671 0.888391 0.00329224
0.942921 0.888864 0.00326358
0.94317 0.889335 0.00323517
0.943418 0.889803 0.00320702
0.943664 0.890269 0.00317913
0.94391 0.890734 0.0031515
0.944154 0.891196 0.00312411
0.944397 0.891656 0.00309697
0.944639 0.892114 0.00307008
0.94488 0.89257 0.00304344
0.945119 0.893024 0.00301703
0.945358 0.893476 0.00299087
0.945595 0.893925 0.00296494
0.945832 0.894373 0.00293924
0.946067 0.894819 0.00291378
0.946301 0.895263 0.00288855
0.946534 0.895705 0.00286355
0.946765 0.896145 0.00283877
0.946996 0.896582 0.00281422
0.947226 0.897018 0.00278988
0.947454 0.897452 0.00276577
0.947682 0.897884 0.00274188
0.947908 0.898315 0.0027182
0.948133 0.898743 0.00269473
0.948358 0.899169 0.00267147
0.948581 0.899594 0.00264843
0.948803 0.900016 0.00262559
0.949024 0.900437 0.00260295
0.949244 0.900855 0.00258052
0.949463 0.901272 0.00255829
0.949681 0.901687 0.00253626
0.949899 0.902101 0.00251443
0.950115 0.902512 0.00249279
0.95033 0.902921 0.00247135
0.950544 0.903329 0.0024501
0.950757 0.903735 0.00242904
0.950969 0.904139 0.00240816
0.95118 0.904542 0.00238748
0.95139 0.904942 0.00236697
0.951599 0.905341 0.00234665
0.951807 0.905738 0.00232652
0.952014 0.906133 0.00230656
0.95222 0.906527 0.00228678
0.952425 0.906918 0.00226717
0.95263 0.907308 0.00224774
0.952833 0.907697 0.00222849
0.953035 0.908083 0.0022094
0.953237 0.908468 0.00219049
0.953437 0.908851 0.00217174
0.953637 0.909233 0.00215316
0.953836 0.909613 0.00213474
0.954034 0.909991 0.00211649
0.95423 0.910367 0.0020984
0.954426 0.910742 0.00208047
0.954621 0.911115 0.0020627
0.954816 0.911487 0.00204508
0.955009 0.911857 0.00202763
0.955201 0.912225 0.00201032
0.955393 0.912592 0.00199317
0.955583 0.912957 0.00197617
0.955773 0.91332 0.00195932
0.955962 0.913682 0.00194262
0.95615 0.914043 0.00192607
0.956337 0.914401 0.00190966
0.956523 0.914758 0.0018934
0.956709 0.915114 0.00187728
0.956893 0.915468 0.00186131
0.957077 0.915821 0.00184547
0.95726 0.916171 0.00182977
0.957442 0.916521 0.00181422
0.957623 0.916869 0.0017988
0.957804 0.917215 0.00178351
0.957984 0.91756 0.00176836
0.958162 0.917903 0.00175334
0.95834 0.918245 0.00173845
0.958517 0.918586 0.0017237
0.958694 0.918924 0.00170907
0.958869 0.919262 0.00169457
0.959044 0.919598 0.0016802
0.959218 0.919932 0.00166596
0.959391 0.920265 0.00165184
0.959564 0.920597 0.00163784
0.959735 0.920927 0.00162396
0.959906 0.921256 0.00161021
0.960076 0.921583 0.00159658
0.960246 0.921909 0.00158307
0.960414 0.922233 0.00156967
0.960582 0.922556 0.00155639
0.960749 0.922878 0.00154323
0.960915 0.923198 0.00153018
0.961081 0.923517 0.00151725
0.961246 0.923834 0.00150443
0.96141 0.92415 0.00149172
0.961573 0.924465 0.00147912
0.961735 0.924778 0.00146663
0.961897 0.92509 0.00145425
0.962058 0.925401 0.00144198
0.962219 0.92571 0.00142981
0.962378 0.926018 0.00141775
0.962537 0.926325 0.00140579
0.962696 0.92663 0.00139394
0.962853 0.926934 0.00138219
0.96301 0.927237 0.00137055
0.963166 0.927538 0.001359
0.963322 0.927838 0.00134756
0.963476 0.928137 0.00133621
0.96363 0.928435 0.00132496
0.963784 0.928731 0.00131381
0.963936 0.929026 0.00130276
0.964088 0.92932 0.0012918
0.96424 0.929612 0.00128094
0.96439 0.929903 0.00127017
0.96454 0.930193 0.00125949
0.96469 0.930482 0.00124891
0.964838 0.930769 0.00123842
0.964986 0.931055 0.00122802
0.965133 0.93134 0.0012177
0.96528 0.931624 0.00120748
0.965426 0.931906 0.00119735
0.965572 0.932188 0.0011873
0.965716 0.932468 0.00117734
0.96586 0.932747 0.00116746
0.966004 0.933024 0.00115768
0.966147 0.933301 0.00114797
0.966289 0.933576 0.00113835
0.96643 0.93385 0.00112881
0.966571 0.934123 0.00111935
0.966711 0.934395 0.00110998
0.966851 0.934666 0.00110068
0.96699 0.934935 0.00109147
0.967129 0.935203 0.00108233
0.967266 0.935471 0.00107328
0.967404 0.935737 0.0010643
0.96754 0.936002 0.00105539
0.967676 0.936265 0.00104657
0.967812 0.936528 0.00103782
0.967946 0.936789 0.00102914
0.968081 0.93705 0.00102054
0.968214 0.937309 0.00101202
0.968347 0.937567 0.00100356
0.96848 0.937824 0.000995181
0.968612 0.93808 0.000986872
0.968743 0.938335 0.000978633
0.968874 0.938589 0.000970465
0.969004 0.938842 0.000962367
0.969133 0.939093 0.000954338
0.969262 0.939344 0.000946378
0.969391 0.939594 0.000938486
0.969519 0.939842 0.000930661
0.969646 0.940089 0.000922903
0.969773 0.940336 0.000915212
0.969899 0.940581 0.000907586
0.970024 0.940825 0.000900025
0.97015 0.941069 0.000892528
0.970274 0.941311 0.000885096
0.970398 0.941552 0.000877727
0.970522 0.941792 0.000870421
0.970644 0.942031 0.000863177
0.970767 0.942269 0.000855994
0.970889 0.942506 0.000848873
0.97101 0.942742 0.000841813
0.971131 0.942977 0.000834812
0.971251 0.943212 0.000827871
0.971371 0.943445 0.00082099
0.97149 0.943677 0.000814166
0.971609 0.943908 0.000807401
0.971727 0.944138 0.000800693
0.971845 0.944367 0.000794043
0.971962 0.944595 0.000787448
0.972078 0.944823 0.00078091
0.972194 0.945049 0.000774427
0.97231 0.945274 0.000767999
0.972425 0.945499 0.000761626
0.97254 0.945722 0.000755307
0.972654 0.945945 0.000749041
0.972768 0.946166 0.000742829
0.972881 0.946387 0.000736669
0.972993 0.946606 0.000730561
0.973106 0.946825 0.000724506
0.973217 0.947043 0.000718501
0.973328 0.94726 0.000712547
0.973439 0.947476 0.000706644
0.973549 0.947691 0.00070079
0.973659 0.947905 0.000694986
0.973768 0.948118 0.000689232
0.973877 0.948331 0.000683525
0.973986 0.948542 0.000677868
0.974093 0.948753 0.000672257
0.974201 0.948962 0.000666695
0.974308 0.949171 0.000661179
0.974414 0.949379 0.00065571
0.97452 0.949586 0.000650287
0.974626 0.949792 0.000644909
0.974731 0.949998 0.000639578
0.974836 0.950202 0.000634291
0.97494 0.950406 0.000629048
0.975044 0.950609 0.00062385
0.975147 0.950811 0.000618696
0.97525 0.951012 0.000613585
0.975352 0.951212 0.000608517
0.975454 0.951411 0.000603492
0.975556 0.95161 0.000598509
0.975657 0.951807 0.000593568
0.975757 0.952004 0.000588669
0.975858 0.9522 0.000583811
0.975958 0.952395 0.000578994
0.976057 0.95259 0.000574217
0.976156 0.952783 0.000569481
0.976254 0.952976 0.000564784
0.976352 0.953168 0.000560127
0.97645 0.953359 0.000555509
0.976547 0.95355 0.000550929
0.976644 0.953739 0.000546388
0.976741 0.953928 0.000541886
0.976837 0.954116 0.000537421
0.976932 0.954303 0.000532993
0.977028 0.95449 0.000528603
0.977122 0.954675 0.00052425
0.977217 0.95486 0.000519933
0.977311 0.955044 0.000515652
0.977404 0.955227 0.000511407
0.977497 0.95541 0.000507198
0.97759 0.955592 0.000503024
0.977683 0.955773 0.000498885
0.977775 0.955953 0.00049478
0.977866 0.956133 0.00049071
0.977957 0.956311 0.000486674
0.978048 0.956489 0.000482672
0.978139 0.956667 0.000478703
0.978229 0.956843 0.000474768
0.978318 0.957019 0.000470865
0.978408 0.957194 0.000466995
0.978497 0.957368 0.000463158
0.978585 0.957542 0.000459352
0.978673 0.957715 0.000455579
0.978761 0.957887 0.000451836
0.978848 0.958058 0.000448125
0.978935 0.958229 0.000444446
0.979022 0.958399 0.000440796
0.979108 0.958569 0.000437178
0.979194 0.958737 0.000433589
0.97928 0.958905 0.000430031
0.979365 0.959072 0.000426502
0.97945 0.959239 0.000423002
0.979534 0.959405 0.000419532
0.979618 0.95957 0.000416091
0.979702 0.959734 0.000412678
0.979786 0.959898 0.000409294
0.979869 0.960061 0.000405938
0.979951 0.960223 0.00040261
0.980034 0.960385 0.000399309
0.980116 0.960546 0.000396037
0.980197 0.960706 0.000392791
0.980279 0.960866 0.000389573
0.98036 0.961025 0.000386381
0.98044 0.961184 0.000383216
0.98052 0.961341 0.000380077
0.9806 0.961498 0.000376964
0.98068 0.961655 0.000373877
0.980759 0.961811 0.000370816
0.980838 0.961966 0.00036778
0.980917 0.96212 0.00036477
0.980995 0.962274 0.000361784
0.981073 0.962427 0.000358823
0.98115 0.96258 0.000355887
0.981228 0.962732 0.000352976
0.981305 0.962883 0.000350088
0.981381 0.963034 0.000347225
0.981458 0.963184 0.000344385
0.981534 0.963333 0.000341568
0.981609 0.963482 0.000338776
0.981685 0.96363 0.000336006
0.98176 0.963778 0.000333259
0.981834 0.963925 0.000330535
0.981909 0.964071 0.000327834
0.981983 0.964217 0.000325155
0.982056 0.964362 0.000322498
0.98213 0.964507 0.000319864
0.982203 0.964651 0.000317251
0.982276 0.964794 0.00031466
0.982348 0.964937 0.00031209
0.982421 0.965079 0.000309541
0.982493 0.965221 0.000307014
0.982564 0.965362 0.000304507
0.982635 0.965502 0.000302022
0.982706 0.965642 0.000299557
0.982777 0.965781 0.000297112
0.982848 0.96592 0.000294687
0.982918 0.966058 0.000292283
0.982988 0.966196 0.000289898
0.983057 0.966333 0.000287533
0.983126 0.966469 0.000285188
0.983195 0.966605 0.000282862
0.983264 0.96674 0.000280555
0.983332 0.966875 0.000278268
0.9834 0.967009 0.000275999
0.983468 0.967143 0.000273749
0.983536 0.967276 0.000271518
0.983603 0.967408 0.000269305
0.98367 0.96754 0.00026711
0.983736 0.967672 0.000264933
0.983803 0.967803 0.000262775
0.983869 0.967933 0.000260634
0.983935 0.968063 0.000258511
0.984 0.968192 0.000256405
0.984066 0.968321 0.000254317
0.984131 0.968449 0.000252246
0.984195 0.968577 0.000250192
0.98426 0.968704 0.000248155
0.984324 0.968831 0.000246135
0.984388 0.968957 0.000244131
0.984452 0.969082 0.000242144
0.984515 0.969207 0.000240173
0.984578 0.969332 0.000238219
0.984641 0.969456 0.000236281
0.984704 0.96958 0.000234358
0.984766 0.969703 0.000232452
0.984828 0.969825 0.000230561
0.98489 0.969947 0.000228686
0.984952 0.970069 0.000226826
0.985013 0.97019 0.000224981
0.985074 0.97031 0.000223152
0.985135 0.97043 0.000221338
0.985195 0.97055 0.000219538
0.985256 0.970669 0.000217754
0.985316 0.970788 0.000215984
0.985375 0.970906 0.000214228
0.985435 0.971023 0.000212487
0.985494 0.97114 0.000210761
0.985553 0.971257 0.000209048
0.985612 0.971373 0.00020735
0.985671 0.971489 0.000205666
0.985729 0.971604 0.000203995
0.985787 0.971719 0.000202338
0.985845 0.971833 0.000200695
0.985902 0.971947 0.000199065
0.98596 0.97206 0.000197449
0.986017 0.972173 0.000195846
0.986074 0.972285 0.000194256
0.98613 0.972397 0.000192679
0.986187 0.972509 0.000191115
0.986243 0.97262 0.000189564
0.986299 0.97273 0.000188026
0.986355 0.97284 0.0001865
0.98641 0.97295 0.000184987
0.986465 0.973059 0.000183486
0.98652 0.973168 0.000181998
0.986575 0.973276 0.000180521
0.98663 0.973384 0.000179057
0.986684 0.973492 0.000177605
0.986738 0.973599 0.000176165
0.986792 0.973705 0.000174736
0.986846 0.973811 0.000173319
0.986899 0.973917 0.000171914
0.986952 0.974022 0.000170521
0.987005 0.974127 0.000169138
0.987058 0.974231 0.000167767
0.987111 0.974335 0.000166408
0.987163 0.974439 0.000165059
0.987215 0.974542 0.000163722
0.987267 0.974645 0.000162395
0.987319 0.974747 0.000161079
0.98737 0.974849 0.000159774
0.987421 0.97495 0.00015848
0.987472 0.975051 0.000157196
0.987523 0.975152 0.000155923
0.987574 0.975252 0.00015466
0.987624 0.975352 0.000153408
0.987674 0.975451 0.000152166
0.987724 0.97555 0.000150934
0.987774 0.975649 0.000149712
0.987824 0.975747 0.0001485
0.987873 0.975845 0.000147298
0.987922 0.975942 0.000146105
0.987971 0.976039 0.000144923
0.98802 0.976136 0.00014375
0.988069 0.976232 0.000142587
0.988117 0.976327 0.000141433
0.988165 0.976423 0.000140289
0.988213 0.976518 0.000139154
0.988261 0.976612 0.000138028
0.988309 0.976707 0.000136912
0.988356 0.976801 0.000135804
0.988403 0.976894 0.000134706
0.98845 0.976987 0.000133616
0.988497 0.97708 0.000132536
0.988544 0.977172 0.000131464
0.98859 0.977264 0.000130401
0.988636 0.977356 0.000129347
0.988682 0.977447 0.000128301
0.988728 0.977538 0.000127264
0.988774 0.977628 0.000126235
0.988819 0.977718 0.000125215
0.988864 0.977808 0.000124203
0.988909 0.977897 0.000123199
