0 0 1
0.006 0 0.988036
0.0173637 2.16e-05 0.965582
0.0334811 0.00020898 0.934242
0.0537492 0.000924824 0.895776
0.0775413 0.00274757 0.851996
0.104185 0.00634709 0.804516
0.132976 0.0122911 0.754638
0.163229 0.0208756 0.703512
0.194348 0.0320626 0.652333
0.225858 0.0455561 0.602272
0.257383 0.0609737 0.55426
0.288583 0.0780129 0.508889
0.319107 0.0965083 0.466447
0.348626 0.116347 0.426985
0.37693 0.137318 0.390481
0.403989 0.159046 0.356961
0.429901 0.181099 0.326394
0.454725 0.203175 0.29862
0.478375 0.225204 0.273417
0.5007 0.247213 0.250517
0.521694 0.269114 0.229708
0.541548 0.290655 0.210865
0.560465 0.311613 0.19382
0.578441 0.33198 0.178395
0.595334 0.351879 0.164401
0.611149 0.371314 0.151684
0.62611 0.39012 0.140152
0.640395 0.408181 0.129686
0.65393 0.425591 0.120178
0.666592 0.44248 0.111509
0.678497 0.458799 0.103607
0.689871 0.474422 0.0964051
0.700726 0.489382 0.0898322
0.710917 0.503828 0.0838172
0.720479 0.517774 0.0783053
0.729624 0.531115 0.073256
0.738394 0.543864 0.0686232
0.74665 0.556155 0.0643634
0.754408 0.568016 0.0604399
0.761854 0.57936 0.0568262
0.769014 0.590206 0.0534929
0.775758 0.600674 0.0504114
0.782124 0.610771 0.0475596
0.788271 0.620427 0.0449183
0.79418 0.629684 0.0424695
0.799744 0.638639 0.0401931
0.805039 0.647269 0.0380768
0.810183 0.655528 0.036106
0.815106 0.663482 0.0342696
0.81975 0.671191 0.0325539
0.824225 0.678609 0.0309513
0.828577 0.685728 0.0294518
0.832715 0.692622 0.0280471
0.836651 0.699302 0.0267296
0.840488 0.705723 0.0254926
0.844196 0.711921 0.0243306
0.847712 0.717946 0.0232365
0.851109 0.723771 0.0222065
0.85443 0.729383 0.0212352
0.857607 0.734834 0.0203187
0.860646 0.740135 0.0194528
0.863621 0.745251 0.018634
0.866505 0.75021 0.0178595
0.869256 0.755046 0.0171254
0.871932 0.759734 0.0164297
0.874553 0.764272 0.0157696
0.877066 0.768699 0.0151426
0.879491 0.77301 0.0145469
0.881875 0.777186 0.0139803
0.884182 0.781255 0.0134411
0.886399 0.785231 0.0129275
0.888574 0.789093 0.0124379
0.890698 0.79285 0.0119712
0.892739 0.796528 0.0115256
0.894732 0.800111 0.0111003
0.89669 0.803596 0.0106938
0.89858 0.807007 0.0103053
0.900416 0.810341 0.00993361
0.902225 0.813586 0.0095779
0.903981 0.816761 0.00923733
0.905681 0.819871 0.00891104
0.907356 0.822902 0.00859832
0.908992 0.825866 0.00829848
0.910574 0.828773 0.00801081
0.912129 0.831613 0.00773475
0.913655 0.834388 0.00746973
0.915133 0.837112 0.00721515
0.916581 0.839777 0.00697057
0.918007 0.842382 0.00673549
0.919391 0.844939 0.00650944
0.920744 0.847445 0.00629204
0.922078 0.849896 0.00608286
0.923378 0.852301 0.00588155
0.924646 0.854662 0.00568774
0.925897 0.856972 0.0055011
0.927119 0.859238 0.00532133
0.92831 0.861465 0.00514811
0.929484 0.863646 0.00498117
0.930635 0.865786 0.00482025
0.931757 0.867889 0.00466508
0.932861 0.869951 0.00451543
0.933946 0.871973 0.00437108
0.935003 0.873962 0.00423179
0.936044 0.875914 0.00409738
0.937067 0.877828 0.00396764
0.938066 0.879712 0.00384238
0.939048 0.88156 0.00372143
0.940015 0.883375 0.00360462
0.940959 0.88516 0.00349179
0.941887 0.886913 0.00338279
0.942801 0.888634 0.00327747
0.943695 0.890327 0.00317569
0.944573 0.891991 0.00307731
0.945438 0.893625 0.00298221
0.946285 0.895232 0.00289026
0.947116 0.896813 0.00280136
0.947936 0.898365 0.00271538
0.948739 0.899893 0.00263223
0.949527 0.901395 0.00255179
0.950304 0.902871 0.00247397
0.951066 0.904323 0.00239868
0.951814 0.905752 0.00232582
0.95255 0.907156 0.00225531
0.953274 0.908538 0.00218707
0.953984 0.909897 0.00212102
0.954684 0.911234 0.00205708
0.955371 0.912549 0.00199517
0.956045 0.913843 0.00193523
0.95671 0.915116 0.00187719
0.957363 0.916368 0.00182098
0.958005 0.917601 0.00176655
0.958637 0.918814 0.00171382
0.959258 0.920007 0.00166275
0.959868 0.921182 0.00161327
0.960469 0.922338 0.00156534
0.96106 0.923476 0.0015189
0.961641 0.924596 0.0014739
0.962212 0.925698 0.0014303
0.962775 0.926783 0.00138804
0.963328 0.927851 0.00134708
0.963872 0.928902 0.00130739
0.964408 0.929937 0.00126892
0.964935 0.930956 0.00123162
0.965453 0.931959 0.00119547
0.965964 0.932946 0.00116042
0.966465 0.933919 0.00112643
0.96696 0.934876 0.00109348
0.967446 0.935819 0.00106154
0.967924 0.936747 0.00103056
0.968395 0.937661 0.00100051
0.968859 0.938561 0.000971379
0.969315 0.939447 0.000943122
0.969764 0.94032 0.000915716
0.970207 0.941179 0.000889133
0.970641 0.942025 0.000863348
0.97107 0.942859 0.000838336
0.971492 0.94368 0.000814072
0.971907 0.944489 0.000790532
0.972316 0.945285 0.000767695
0.972718 0.946069 0.000745538
0.973114 0.946842 0.00072404
0.973504 0.947603 0.00070318
0.973889 0.948353 0.000682939
0.974267 0.949091 0.000663298
0.974639 0.949818 0.000644238
0.975006 0.950535 0.00062574
0.975367 0.951241 0.000607789
0.975723 0.951936 0.000590366
0.976073 0.952621 0.000573456
0.976418 0.953296 0.000557044
0.976757 0.95396 0.000541113
0.977092 0.954615 0.000525649
0.977421 0.955261 0.000510639
0.977746 0.955896 0.000496068
0.978065 0.956523 0.000481922
0.97838 0.95714 0.00046819
0.97869 0.957748 0.000454858
0.978996 0.958347 0.000441915
0.979296 0.958937 0.000429348
0.979593 0.959519 0.000417147
0.979884 0.960092 0.0004053
0.980172 0.960657 0.000393797
0.980455 0.961213 0.000382627
0.980734 0.961761 0.000371781
0.981009 0.962302 0.000361249
0.98128 0.962834 0.000351021
0.981547 0.963359 0.000341089
0.981809 0.963876 0.000331443
0.982068 0.964385 0.000322076
0.982323 0.964888 0.000312978
0.982575 0.965382 0.000304142
0.982822 0.96587 0.00029556
0.983066 0.966351 0.000287225
0.983306 0.966824 0.00027913
0.983543 0.967291 0.000271266
0.983777 0.967751 0.000263628
0.984007 0.968204 0.000256209
0.984233 0.968651 0.000249002
0.984456 0.969091 0.000242001
0.984676 0.969525 0.000235201
0.984893 0.969953 0.000228594
0.985107 0.970375 0.000222176
0.985317 0.97079 0.000215942
0.985524 0.9712 0.000209884
0.985729 0.971604 0.000204
0.98593 0.972002 0.000198283
0.986129 0.972394 0.000192728
0.986324 0.97278 0.000187332
0.986517 0.973161 0.000182088
0.986707 0.973537 0.000176994
0.986894 0.973907 0.000172044
0.987079 0.974272 0.000167235
0.98726 0.974632 0.000162561
0.98744 0.974986 0.000158021
0.987616 0.975336 0.000153608
0.98779 0.97568 0.000149321
0.987962 0.97602 0.000145154
0.988131 0.976355 0.000141106
0.988297 0.976685 0.000137172
0.988462 0.97701 0.000133348
0.988624 0.977331 0.000129633
0.988783 0.977647 0.000126022
0.98894 0.977959 0.000122514
