0 0 1
0.002 0 0.996004
0.00579238 2.888e-06 0.988449
0.0111868 2.13381e-05 0.977753
0.0180083 8.18224e-05 0.964314
0.0260951 0.000225629 0.948512
0.0352963 0.000506797 0.930708
0.0454703 0.000987675 0.911244
0.0564835 0.00173319 0.890436
0.0682094 0.002805 0.868575
0.0805285 0.00425641 0.845924
0.0933288 0.00612884 0.822719
0.106506 0.00844988 0.799169
0.119964 0.0112331 0.77546
0.133617 0.0144793 0.751758
0.147385 0.0181783 0.728208
0.161201 0.0223116 0.704934
0.175001 0.0268551 0.682045
0.188733 0.0317808 0.659628
0.20235 0.0370587 0.637756
0.215811 0.0426581 0.616486
0.229083 0.0485482 0.595858
0.242136 0.0546983 0.575903
0.254947 0.0610781 0.55664
0.267498 0.067658 0.538078
0.279773 0.0744091 0.52022
0.291764 0.0813034 0.50306
0.303462 0.0883146 0.48659
0.314864 0.0954177 0.470796
0.32597 0.10259 0.455661
0.336778 0.10981 0.441166
0.347292 0.11706 0.427289
0.357514 0.124323 0.414009
0.36745 0.131583 0.401301
0.377104 0.138828 0.389141
0.386483 0.146046 0.377507
0.395594 0.153227 0.366374
0.404443 0.160362 0.35572
0.413039 0.167442 0.345521
0.421389 0.174462 0.335756
0.429501 0.181416 0.326403
0.437382 0.188298 0.317441
0.445042 0.195106 0.308853
0.452487 0.201835 0.300617
0.459725 0.208484 0.292717
0.466764 0.21505 0.285135
0.473611 0.221532 0.277856
0.480273 0.227929 0.270863
0.486758 0.234241 0.264143
0.493071 0.240467 0.25768
0.49922 0.246607 0.251464
0.505211 0.252662 0.24548
0.51105 0.258632 0.239717
0.516742 0.264518 0.234165
0.522294 0.270322 0.228813
0.527711 0.276043 0.223651
0.532997 0.281683 0.218669
0.538159 0.287243 0.21386
0.5432 0.292726 0.209214
0.548125 0.298131 0.204725
0.552939 0.303461 0.200384
0.557646 0.308716 0.196185
0.562249 0.313899 0.192121
0.566752 0.319011 0.188186
0.57116 0.324053 0.184375
0.575475 0.329027 0.180682
0.579701 0.333934 0.177101
0.583841 0.338775 0.173627
0.587897 0.343553 0.170257
0.591874 0.348269 0.166985
0.595774 0.352923 0.163808
0.599598 0.357517 0.160722
0.603351 0.362053 0.157722
0.607033 0.366532 0.154806
0.610648 0.370956 0.15197
0.614198 0.375324 0.14921
0.617684 0.379639 0.146524
0.621109 0.383902 0.143909
0.624475 0.388114 0.141363
0.627783 0.392276 0.138882
0.631036 0.39639 0.136465
0.634234 0.400455 0.134108
0.63738 0.404474 0.13181
0.640475 0.408446 0.129569
0.643521 0.412374 0.127382
0.646518 0.416258 0.125248
0.649469 0.420099 0.123165
0.652374 0.423898 0.121131
0.655236 0.427656 0.119144
0.658054 0.431373 0.117203
0.66083 0.435051 0.115307
0.663566 0.43869 0.113453
0.666262 0.442291 0.111642
0.66892 0.445854 0.10987
0.67154 0.449381 0.108137
0.674123 0.452872 0.106442
0.676671 0.456327 0.104784
0.679184 0.459748 0.103161
0.681662 0.463135 0.101572
0.684108 0.466489 0.100017
0.686521 0.469809 0.0984947
0.688902 0.473098 0.0970035
0.691252 0.476355 0.0955428
0.693572 0.47958 0.0941118
0.695863 0.482775 0.0927096
0.698124 0.48594 0.0913354
0.700358 0.489076 0.0899886
0.702563 0.492182 0.0886682
0.704742 0.49526 0.0873736
0.706894 0.49831 0.0861042
0.70902 0.501332 0.0848591
0.711121 0.504327 0.0836379
0.713196 0.507294 0.0824398
0.715248 0.510236 0.0812643
0.717275 0.513151 0.0801108
0.719279 0.516041 0.0789787
0.721261 0.518906 0.0778675
0.723219 0.521746 0.0767767
0.725156 0.524561 0.0757058
0.727071 0.527352 0.0746542
0.728964 0.530119 0.0736215
0.730837 0.532863 0.0726073
0.732689 0.535584 0.0716111
0.734522 0.538282 0.0706325
0.736334 0.540958 0.069671
0.738127 0.543611 0.0687263
0.739901 0.546243 0.067798
0.741657 0.548853 0.0668857
0.743394 0.551442 0.065989
0.745113 0.554009 0.0651076
0.746814 0.556556 0.0642412
0.748498 0.559083 0.0633893
0.750164 0.56159 0.0625517
0.751814 0.564076 0.0617281
0.753447 0.566543 0.0609182
0.755064 0.568991 0.0601216
0.756665 0.571419 0.0593381
0.75825 0.573828 0.0585674
0.759819 0.576219 0.0578092
0.761373 0.578591 0.0570633
0.762913 0.580945 0.0563293
0.764437 0.583281 0.0556071
0.765947 0.5856 0.0548965
0.767442 0.5879 0.0541971
0.768923 0.590184 0.0535087
0.77039 0.59245 0.0528312
0.771844 0.594699 0.0521642
0.773284 0.596931 0.0515077
0.77471 0.599147 0.0508613
0.776124 0.601347 0.0502249
0.777525 0.60353 0.0495982
0.778913 0.605697 0.0489812
0.780288 0.607849 0.0483735
0.781651 0.609984 0.0477751
0.783001 0.612105 0.0471857
0.78434 0.61421 0.0466052
0.785667 0.616299 0.0460334
0.786982 0.618374 0.0454701
0.788286 0.620434 0.0449151
0.789578 0.62248 0.0443684
0.790859 0.624511 0.0438298
0.792128 0.626527 0.043299
0.793387 0.628529 0.0427761
0.794635 0.630518 0.0422607
0.795873 0.632492 0.0417528
0.7971 0.634453 0.0412523
0.798316 0.6364 0.040759
0.799523 0.638333 0.0402727
0.800719 0.640254 0.0397935
0.801905 0.642161 0.039321
0.803081 0.644055 0.0388553
0.804248 0.645936 0.0383961
0.805405 0.647804 0.0379435
0.806553 0.649659 0.0374972
0.807691 0.651502 0.0370571
0.80882 0.653333 0.0366232
0.80994 0.655151 0.0361953
0.811051 0.656957 0.0357734
0.812152 0.658751 0.0353573
0.813245 0.660534 0.0349469
0.81433 0.662304 0.0345422
0.815406 0.664062 0.034143
0.816473 0.665809 0.0337492
0.817532 0.667545 0.0333608
0.818582 0.669269 0.0329777
0.819625 0.670981 0.0325998
0.820659 0.672683 0.0322269
0.821685 0.674374 0.031859
0.822704 0.676053 0.0314961
0.823714 0.677722 0.031138
0.824717 0.67938 0.0307847
0.825712 0.681027 0.0304361
0.8267 0.682664 0.0300921
0.82768 0.68429 0.0297527
0.828652 0.685906 0.0294177
0.829618 0.687511 0.0290871
0.830576 0.689106 0.0287608
0.831527 0.690692 0.0284388
0.832471 0.692267 0.028121
0.833407 0.693832 0.0278073
0.834337 0.695387 0.0274976
0.83526 0.696933 0.027192
0.836177 0.698469 0.0268903
0.837086 0.699995 0.0265924
0.837989 0.701512 0.0262984
0.838886 0.70302 0.0260082
0.839776 0.704518 0.0257216
0.840659 0.706007 0.0254387
0.841536 0.707486 0.0251593
0.842407 0.708957 0.0248835
0.843272 0.710418 0.0246112
0.84413 0.711871 0.0243423
0.844982 0.713315 0.0240768
0.845829 0.71475 0.0238146
0.846669 0.716176 0.0235556
0.847503 0.717593 0.0232999
0.848332 0.719002 0.0230474
0.849154 0.720403 0.022798
0.849971 0.721795 0.0225517
0.850783 0.723178 0.0223084
0.851588 0.724554 0.0220682
0.852388 0.725921 0.0218308
0.853183 0.72728 0.0215964
0.853972 0.72863 0.0213649
0.854755 0.729973 0.0211361
0.855534 0.731308 0.0209102
0.856307 0.732635 0.020687
0.857074 0.733954 0.0204665
0.857837 0.735265 0.0202487
0.858594 0.736568 0.0200335
0.859346 0.737864 0.0198209
0.860094 0.739152 0.0196109
0.860836 0.740433 0.0194033
0.861573 0.741706 0.0191983
0.862305 0.742972 0.0189957
0.863032 0.74423 0.0187955
0.863755 0.745481 0.0185977
0.864473 0.746725 0.0184022
0.865186 0.747962 0.0182091
0.865894 0.749191 0.0180182
0.866598 0.750413 0.0178296
0.867297 0.751629 0.0176432
0.867991 0.752837 0.017459
0.868681 0.754038 0.017277
0.869366 0.755233 0.0170971
0.870047 0.75642 0.0169193
0.870724 0.757601 0.0167436
0.871396 0.758775 0.0165699
0.872064 0.759943 0.0163982
0.872727 0.761103 0.0162285
0.873387 0.762258 0.0160608
0.874042 0.763405 0.015895
0.874693 0.764547 0.0157312
0.875339 0.765681 0.0155692
0.875982 0.76681 0.0154091
0.87662 0.767932 0.0152508
0.877255 0.769048 0.0150943
0.877885 0.770157 0.0149396
0.878512 0.77126 0.0147867
0.879134 0.772357 0.0146355
0.879753 0.773448 0.0144861
0.880368 0.774533 0.0143383
0.880979 0.775612 0.0141922
0.881586 0.776685 0.0140478
0.882189 0.777752 0.0139049
0.882789 0.778813 0.0137637
0.883385 0.779868 0.0136241
0.883977 0.780918 0.0134861
0.884566 0.781961 0.0133496
0.885151 0.782999 0.0132146
0.885732 0.784031 0.0130812
0.88631 0.785058 0.0129492
0.886884 0.786079 0.0128187
0.887455 0.787094 0.0126897
0.888022 0.788104 0.0125621
0.888586 0.789108 0.0124359
0.889146 0.790107 0.0123111
0.889703 0.7911 0.0121876
0.890257 0.792088 0.0120656
0.890807 0.793071 0.0119449
0.891354 0.794048 0.0118255
0.891898 0.79502 0.0117074
0.892438 0.795987 0.0115906
0.892975 0.796948 0.0114751
0.893509 0.797905 0.0113609
0.89404 0.798856 0.0112479
0.894568 0.799802 0.0111362
0.895092 0.800743 0.0110256
0.895614 0.801679 0.0109163
0.896132 0.80261 0.0108081
0.896647 0.803536 0.0107012
0.897159 0.804457 0.0105953
0.897669 0.805373 0.0104907
0.898175 0.806285 0.0103871
0.898678 0.807191 0.0102847
0.899178 0.808093 0.0101834
0.899676 0.80899 0.0100832
0.90017 0.809882 0.009984
0.900662 0.810769 0.00988591
0.90115 0.811652 0.00978887
0.901636 0.81253 0.00969287
0.902119 0.813404 0.00959789
0.9026 0.814273 0.00950392
0.903077 0.815137 0.00941096
0.903552 0.815997 0.00931899
0.904024 0.816852 0.00922799
0.904493 0.817703 0.00913796
0.90496 0.818549 0.00904888
0.905424 0.819391 0.00896075
0.905885 0.820229 0.00887355
0.906343 0.821062 0.00878727
0.906799 0.821891 0.0087019
0.907253 0.822715 0.00861743
0.907704 0.823536 0.00853384
0.908152 0.824352 0.00845114
0.908598 0.825163 0.0083693
0.909041 0.825971 0.00828832
0.909482 0.826774 0.00820819
0.90992 0.827574 0.0081289
0.910356 0.828369 0.00805043
0.910789 0.82916 0.00797279
0.91122 0.829947 0.00789595
0.911648 0.83073 0.00781991
0.912074 0.831509 0.00774467
0.912498 0.832284 0.0076702
0.912919 0.833055 0.00759651
0.913338 0.833822 0.00752358
0.913755 0.834585 0.0074514
0.914169 0.835344 0.00737997
0.914581 0.836099 0.00730928
0.914991 0.836851 0.00723932
0.915399 0.837599 0.00717008
0.915804 0.838342 0.00710155
0.916207 0.839082 0.00703372
0.916608 0.839819 0.00696659
0.917006 0.840551 0.00690015
0.917403 0.84128 0.00683439
0.917797 0.842005 0.00676931
0.918189 0.842727 0.00670489
0.918579 0.843445 0.00664112
0.918967 0.844159 0.00657801
0.919352 0.84487 0.00651554
0.919736 0.845577 0.00645371
0.920117 0.84628 0.00639251
0.920497 0.84698 0.00633193
0.920874 0.847677 0.00627196
0.921249 0.84837 0.0062126
0.921622 0.849059 0.00615384
0.921994 0.849745 0.00609568
0.922363 0.850428 0.0060381
0.92273 0.851107 0.00598111
0.923095 0.851783 0.00592469
0.923459 0.852455 0.00586884
0.92382 0.853125 0.00581355
0.92418 0.85379 0.00575882
0.924537 0.854453 0.00570464
0.924893 0.855112 0.005651
0.925246 0.855768 0.00559791
0.925598 0.85642 0.00554534
0.925948 0.85707 0.0054933
0.926296 0.857716 0.00544178
0.926642 0.858359 0.00539077
0.926987 0.858999 0.00534028
0.927329 0.859636 0.00529028
0.92767 0.860269 0.00524079
0.928009 0.860899 0.00519179
0.928346 0.861527 0.00514327
0.928681 0.862151 0.00509524
0.929015 0.862772 0.00504769
0.929347 0.86339 0.00500061
0.929677 0.864005 0.00495399
0.930005 0.864617 0.00490783
0.930332 0.865226 0.00486214
0.930656 0.865832 0.00481689
0.93098 0.866435 0.00477209
0.931301 0.867035 0.00472773
0.931621 0.867633 0.00468382
0.931939 0.868227 0.00464033
0.932256 0.868818 0.00459727
0.93257 0.869407 0.00455463
0.932884 0.869992 0.00451242
0.933195 0.870575 0.00447062
0.933505 0.871155 0.00442922
0.933814 0.871732 0.00438824
0.93412 0.872307 0.00434765
0.934425 0.872878 0.00430747
0.934729 0.873447 0.00426767
0.935031 0.874013 0.00422827
0.935332 0.874576 0.00418925
0.93563 0.875137 0.00415061
0.935928 0.875694 0.00411234
0.936224 0.87625 0.00407445
0.936518 0.876802 0.00403693
0.936811 0.877352 0.00399977
0.937102 0.877899 0.00396298
0.937392 0.878443 0.00392654
0.93768 0.878985 0.00389046
0.937967 0.879525 0.00385472
0.938252 0.880061 0.00381933
0.938536 0.880595 0.00378428
0.938819 0.881127 0.00374958
0.9391 0.881656 0.00371521
0.93938 0.882182 0.00368117
0.939658 0.882706 0.00364745
0.939935 0.883228 0.00361407
0.94021 0.883747 0.003581
0.940484 0.884263 0.00354826
0.940757 0.884777 0.00351583
0.941028 0.885289 0.00348371
0.941298 0.885798 0.0034519
0.941566 0.886304 0.00342039
0.941833 0.886809 0.00338919
0.942099 0.887311 0.00335828
0.942363 0.88781 0.00332768
0.942627 0.888307 0.00329736
0.942888 0.888802 0.00326734
0.943149 0.889294 0.0032376
0.943408 0.889784 0.00320815
0.943666 0.890272 0.00317898
0.943922 0.890757 0.00315008
0.944178 0.891241 0.00312146
0.944432 0.891721 0.00309312
0.944684 0.8922 0.00306504
0.944936 0.892676 0.00303724
0.945186 0.89315 0.00300969
0.945435 0.893622 0.00298241
0.945683 0.894092 0.00295539
0.945929 0.894559 0.00292862
0.946175 0.895024 0.00290211
0.946419 0.895487 0.00287585
0.946662 0.895948 0.00284984
0.946903 0.896407 0.00282407
0.947144 0.896863 0.00279855
0.947383 0.897317 0.00277327
0.947621 0.897769 0.00274823
0.947858 0.89822 0.00272342
0.948094 0.898668 0.00269885
0.948328 0.899113 0.00267451
0.948562 0.899557 0.0026504
0.948794 0.899999 0.00262652
0.949025 0.900438 0.00260286
0.949255 0.900876 0.00257942
0.949484 0.901312 0.00255621
0.949712 0.901745 0.00253321
0.949938 0.902176 0.00251043
0.950164 0.902606 0.00248786
0.950388 0.903033 0.00246551
0.950612 0.903459 0.00244336
0.950834 0.903882 0.00242142
0.951055 0.904304 0.00239969
0.951275 0.904723 0.00237816
0.951494 0.905141 0.00235683
0.951712 0.905557 0.0023357
0.951929 0.90597 0.00231477
0.952145 0.906382 0.00229403
0.952359 0.906792 0.00227349
0.952573 0.9072 0.00225314
0.952786 0.907606 0.00223298
0.952997 0.90801 0.002213
0.953208 0.908413 0.00219322
0.953417 0.908813 0.00217361
0.953626 0.909212 0.00215419
0.953834 0.909608 0.00213495
0.95404 0.910003 0.00211589
0.954246 0.910397 0.002097
0.95445 0.910788 0.0020783
0.954654 0.911177 0.00205976
0.954856 0.911565 0.0020414
0.955058 0.911951 0.0020232
0.955259 0.912335 0.00200518
0.955458 0.912717 0.00198732
0.955657 0.913098 0.00196962
0.955855 0.913477 0.00195209
0.956052 0.913854 0.00193473
0.956247 0.914229 0.00191752
0.956442 0.914603 0.00190047
0.956636 0.914975 0.00188358
0.956829 0.915345 0.00186684
0.957022 0.915714 0.00185026
0.957213 0.916081 0.00183383
0.957403 0.916446 0.00181756
0.957592 0.916809 0.00180143
0.957781 0.917171 0.00178545
0.957969 0.917531 0.00176962
0.958155 0.91789 0.00175393
0.958341 0.918247 0.00173839
0.958526 0.918602 0.00172299
0.95871 0.918956 0.00170773
0.958893 0.919308 0.00169261
0.959075 0.919658 0.00167763
0.959257 0.920007 0.00166279
0.959437 0.920354 0.00164808
0.959617 0.9207 0.00163351
0.959796 0.921044 0.00161907
0.959974 0.921386 0.00160477
0.960151 0.921727 0.00159059
0.960328 0.922066 0.00157654
0.960503 0.922404 0.00156263
0.960678 0.922741 0.00154884
0.960852 0.923075 0.00153517
0.961025 0.923409 0.00152163
0.961197 0.92374 0.00150821
0.961368 0.924071 0.00149492
0.961539 0.924399 0.00148175
0.961709 0.924727 0.00146869
0.961878 0.925052 0.00145576
0.962046 0.925377 0.00144294
0.962213 0.925699 0.00143024
0.96238 0.926021 0.00141766
0.962546 0.926341 0.00140518
0.962711 0.926659 0.00139283
0.962875 0.926976 0.00138058
0.963038 0.927292 0.00136845
0.963201 0.927606 0.00135642
0.963363 0.927919 0.00134451
0.963524 0.92823 0.0013327
0.963685 0.92854 0.001321
0.963844 0.928848 0.00130941
0.964003 0.929155 0.00129792
0.964162 0.929461 0.00128653
0.964319 0.929766 0.00127525
0.964476 0.930069 0.00126407
0.964632 0.93037 0.00125299
0.964787 0.93067 0.00124201
0.964942 0.930969 0.00123113
0.965096 0.931267 0.00122035
0.965249 0.931563 0.00120966
0.965401 0.931858 0.00119908
0.965553 0.932152 0.00118858
0.965704 0.932444 0.00117818
0.965854 0.932735 0.00116788
0.966004 0.933025 0.00115767
0.966153 0.933313 0.00114755
0.966301 0.9336 0.00113752
0.966448 0.933886 0.00112758
0.966595 0.93417 0.00111773
0.966742 0.934453 0.00110797
0.966887 0.934735 0.0010983
0.967032 0.935016 0.00108871
0.967176 0.935295 0.00107921
0.967319 0.935574 0.0010698
0.967462 0.935851 0.00106046
0.967604 0.936126 0.00105122
0.967746 0.936401 0.00104205
0.967887 0.936674 0.00103297
0.968027 0.936946 0.00102397
0.968167 0.937217 0.00101505
0.968306 0.937486 0.00100621
0.968444 0.937755 0.00099745
0.968581 0.938022 0.000988767
0.968718 0.938288 0.000980162
0.968855 0.938553 0.000971634
0.968991 0.938816 0.000963182
0.969126 0.939079 0.000954805
0.96926 0.93934 0.000946503
0.969394 0.9396 0.000938276
0.969527 0.939859 0.000930122
0.96966 0.940117 0.00092204
0.969792 0.940374 0.00091403
0.969924 0.940629 0.000906092
0.970054 0.940884 0.000898225
0.970185 0.941137 0.000890428
0.970314 0.941389 0.0008827
0.970443 0.94164 0.000875041
0.970572 0.94189 0.00086745
0.9707 0.942139 0.000859926
0.970827 0.942386 0.00085247
0.970954 0.942633 0.000845079
0.97108 0.942879 0.000837755
0.971206 0.943123 0.000830495
0.971331 0.943366 0.0008233
0.971455 0.943609 0.000816169
0.971579 0.94385 0.000809101
0.971702 0.94409 0.000802096
0.971825 0.944329 0.000795153
0.971947 0.944567 0.000788271
0.972069 0.944804 0.000781451
0.97219 0.94504 0.00077469
0.97231 0.945275 0.00076799
0.97243 0.945508 0.000761349
0.97255 0.945741 0.000754767
0.972669 0.945973 0.000748243
0.972787 0.946204 0.000741777
0.972905 0.946433 0.000735368
0.973022 0.946662 0.000729016
0.973139 0.94689 0.00072272
0.973255 0.947116 0.000716479
0.973371 0.947342 0.000710294
0.973486 0.947567 0.000704163
0.9736 0.947791 0.000698086
0.973715 0.948013 0.000692063
0.973828 0.948235 0.000686093
0.973941 0.948456 0.000680176
0.974054 0.948676 0.000674311
0.974166 0.948894 0.000668497
0.974278 0.949112 0.000662735
0.974389 0.949329 0.000657024
0.974499 0.949545 0.000651362
0.974609 0.94976 0.000645751
0.974719 0.949974 0.000640189
0.974828 0.950187 0.000634676
0.974937 0.9504 0.000629212
0.975045 0.950611 0.000623795
0.975152 0.950821 0.000618427
0.975259 0.95103 0.000613105
0.975366 0.951239 0.00060783
0.975472 0.951447 0.000602602
0.975578 0.951653 0.000597419
0.975683 0.951859 0.000592282
0.975788 0.952064 0.00058719
0.975892 0.952268 0.000582143
0.975996 0.952471 0.00057714
0.976099 0.952673 0.000572181
0.976202 0.952874 0.000567265
0.976305 0.953075 0.000562393
0.976407 0.953274 0.000557563
0.976508 0.953473 0.000552775
0.976609 0.953671 0.00054803
0.97671 0.953868 0.000543326
0.97681 0.954064 0.000538663
0.97691 0.954259 0.000534041
0.977009 0.954453 0.000529459
0.977108 0.954647 0.000524918
0.977206 0.954839 0.000520416
0.977304 0.955031 0.000515953
0.977402 0.955222 0.00051153
0.977499 0.955412 0.000507145
0.977595 0.955602 0.000502799
0.977691 0.95579 0.00049849
0.977787 0.955978 0.000494219
0.977883 0.956165 0.000489986
0.977977 0.956351 0.000485789
0.978072 0.956536 0.000481629
0.978166 0.95672 0.000477505
0.97826 0.956904 0.000473418
0.978353 0.957087 0.000469365
0.978446 0.957269 0.000465349
0.978538 0.95745 0.000461367
0.97863 0.95763 0.00045742
0.978722 0.95781 0.000453507
0.978813 0.957989 0.000449628
0.978904 0.958167 0.000445784
0.978994 0.958344 0.000441972
0.979084 0.958521 0.000438194
0.979174 0.958697 0.000434449
0.979263 0.958872 0.000430736
0.979352 0.959046 0.000427055
0.97944 0.959219 0.000423407
0.979528 0.959392 0.00041979
0.979616 0.959564 0.000416205
0.979703 0.959735 0.000412651
0.97979 0.959906 0.000409127
0.979876 0.960076 0.000405635
0.979962 0.960245 0.000402172
0.980048 0.960413 0.00039874
0.980133 0.960581 0.000395337
0.980218 0.960747 0.000391964
0.980303 0.960914 0.000388621
0.980387 0.961079 0.000385306
0.980471 0.961244 0.00038202
0.980554 0.961408 0.000378763
0.980637 0.961571 0.000375533
0.98072 0.961733 0.000372332
0.980802 0.961895 0.000369159
0.980884 0.962056 0.000366013
0.980966 0.962217 0.000362894
0.981047 0.962377 0.000359802
0.981128 0.962536 0.000356737
0.981209 0.962694 0.000353698
0.981289 0.962852 0.000350686
0.981369 0.963009 0.0003477
0.981448 0.963165 0.00034474
0.981527 0.963321 0.000341805
0.981606 0.963476 0.000338896
0.981684 0.96363 0.000336012
0.981762 0.963784 0.000333152
0.98184 0.963937 0.000330318
0.981918 0.964089 0.000327508
0.981995 0.964241 0.000324722
0.982071 0.964392 0.00032196
0.982148 0.964542 0.000319223
0.982224 0.964692 0.000316508
0.9823 0.964841 0.000313818
0.982375 0.964989 0.00031115
0.98245 0.965137 0.000308505
0.982525 0.965284 0.000305884
0.982599 0.965431 0.000303285
0.982673 0.965577 0.000300708
0.982747 0.965722 0.000298153
0.98282 0.965866 0.000295621
0.982894 0.96601 0.00029311
0.982966 0.966154 0.000290621
0.983039 0.966297 0.000288154
0.983111 0.966439 0.000285707
0.983183 0.96658 0.000283282
0.983254 0.966721 0.000280878
0.983325 0.966862 0.000278494
0.983396 0.967001 0.000276131
0.983467 0.96714 0.000273788
0.983537 0.967279 0.000271465
0.983607 0.967417 0.000269163
0.983677 0.967554 0.00026688
0.983746 0.967691 0.000264616
0.983815 0.967827 0.000262373
0.983884 0.967963 0.000260148
0.983952 0.968098 0.000257943
0.984021 0.968232 0.000255756
0.984089 0.968366 0.000253589
0.984156 0.968499 0.00025144
0.984223 0.968632 0.000249309
0.98429 0.968764 0.000247197
0.984357 0.968896 0.000245103
0.984423 0.969027 0.000243026
0.98449 0.969157 0.000240968
0.984555 0.969287 0.000238927
0.984621 0.969416 0.000236904
0.984686 0.969545 0.000234898
0.984751 0.969673 0.00023291
0.984816 0.969801 0.000230938
0.98488 0.969928 0.000228984
0.984944 0.970054 0.000227046
0.985008 0.97018 0.000225124
0.985072 0.970306 0.00022322
0.985135 0.970431 0.000221331
0.985198 0.970555 0.000219459
0.985261 0.970679 0.000217602
0.985323 0.970802 0.000215762
0.985385 0.970925 0.000213937
0.985447 0.971047 0.000212128
0.985509 0.971169 0.000210335
0.98557 0.97129 0.000208557
0.985631 0.971411 0.000206794
0.985692 0.971531 0.000205046
0.985753 0.971651 0.000203313
0.985813 0.97177 0.000201595
0.985873 0.971889 0.000199891
0.985933 0.972007 0.000198203
0.985993 0.972125 0.000196528
0.986052 0.972242 0.000194868
0.986111 0.972359 0.000193222
0.98617 0.972475 0.00019159
0.986228 0.97259 0.000189973
0.986286 0.972706 0.000188368
0.986344 0.97282 0.000186778
0.986402 0.972934 0.000185201
0.98646 0.973048 0.000183638
0.986517 0.973161 0.000182088
0.986574 0.973274 0.000180551
0.986631 0.973386 0.000179028
0.986687 0.973498 0.000177517
0.986744 0.973609 0.000176019
0.9868 0.97372 0.000174534
0.986855 0.973831 0.000173062
0.986911 0.97394 0.000171602
0.986966 0.97405 0.000170155
0.987021 0.974159 0.00016872
0.987076 0.974267 0.000167298
0.987131 0.974375 0.000165887
0.987185 0.974483 0.000164488
0.987239 0.97459 0.000163102
0.987293 0.974696 0.000161727
0.987347 0.974803 0.000160364
0.9874 0.974908 0.000159012
0.987453 0.975014 0.000157672
0.987506 0.975119 0.000156344
0.987559 0.975223 0.000155027
0.987612 0.975327 0.000153721
0.987664 0.97543 0.000152426
0.987716 0.975533 0.000151142
0.987768 0.975636 0.000149869
0.987819 0.975738 0.000148607
0.987871 0.97584 0.000147355
0.987922 0.975941 0.000146115
0.987973 0.976042 0.000144884
0.988024 0.976143 0.000143665
0.988074 0.976243 0.000142455
0.988125 0.976342 0.000141256
0.988175 0.976441 0.000140067
0.988224 0.97654 0.000138889
0.988274 0.976638 0.00013772
0.988324 0.976736 0.000136561
0.988373 0.976834 0.000135412
0.988422 0.976931 0.000134273
0.988471 0.977028 0.000133143
0.988519 0.977124 0.000132023
0.988568 0.97722 0.000130913
0.988616 0.977315 0.000129812
0.988664 0.97741 0.00012872
0.988711 0.977505 0.000127638
0.988759 0.977599 0.000126565
0.988806 0.977693 0.000125501
0.988854 0.977786 0.000124446
0.9889 0.977879 0.000123399
0.988947 0.977972 0.000122362
