0 0 1
0.2 0 0.8
0.19 0.05 0.675421
0.206728 0.032625 0.639505
0.216108 0.0579031 0.627032
0.231958 0.0439025 0.599694
0.239675 0.0686574 0.590668
0.255898 0.0546406 0.565445
0.258262 0.0681944 0.550398
0.278736 0.0644569 0.537743
0.278528 0.0810031 0.521695
0.289931 0.0767215 0.509583
0.297044 0.0950684 0.498815
0.310906 0.0865272 0.485123
0.311642 0.0991961 0.474268
0.321863 0.0966016 0.464762
0.327561 0.114087 0.456787
0.341528 0.105598 0.445781
0.34033 0.119402 0.436445
0.35162 0.11493 0.427977
0.352071 0.125813 0.420158
0.361806 0.123489 0.412789
0.363077 0.132757 0.405758
0.371885 0.131592 0.399026
0.375118 0.148358 0.396323
0.390098 0.138802 0.389868
0.384678 0.15552 0.38431
0.399624 0.146092 0.378968
0.396579 0.154596 0.364835
0.474775 0.208164 0.305609
0.467822 0.218944 0.283214
0.474575 0.218836 0.280149
0.473567 0.226818 0.277784
0.478368 0.225223 0.273405
0.487165 0.243289 0.266551
0.493999 0.239564 0.258036
0.494803 0.245153 0.255235
0.501517 0.244749 0.253069
0.500388 0.248981 0.24981
0.518324 0.25602 0.247988
0.513145 0.26392 0.237064
0.520003 0.263168 0.235633
0.5183 0.26769 0.232124
0.527894 0.270052 0.230314
0.525157 0.275439 0.225489
0.530633 0.275877 0.223548
0.529789 0.279436 0.221252
0.538257 0.282538 0.218365
0.536311 0.287027 0.215044
0.5413 0.287779 0.213137
0.539961 0.294312 0.212394
0.544695 0.292591 0.208985
0.544801 0.297718 0.207289
0.548266 0.297149 0.205251
0.550112 0.305765 0.203386
0.555084 0.303801 0.199814
0.554655 0.309198 0.198574
0.558517 0.308225 0.196288
0.558847 0.31287 0.194647
0.561995 0.31252 0.192949
0.56362 0.320817 0.191419
0.568566 0.318848 0.188088
0.567678 0.324372 0.187349
0.57188 0.323051 0.184883
0.571519 0.328046 0.183796
0.575205 0.327163 0.181818
0.575197 0.331786 0.180545
0.578524 0.331202 0.178859
0.578748 0.335562 0.177491
0.581824 0.335179 0.175987
0.582193 0.339354 0.174579
0.585099 0.339101 0.173193
0.585545 0.343151 0.171781
0.588346 0.342971 0.17047
0.588814 0.346947 0.16908
0.591564 0.346794 0.167815
0.592005 0.350737 0.166467
0.594752 0.35057 0.165225
0.595119 0.35452 0.163941
0.597913 0.354299 0.162699
0.598155 0.3583 0.161506
0.601048 0.357981 0.160237
0.601109 0.362078 0.15917
0.604163 0.361612 0.157844
0.603974 0.365863 0.156953
0.607263 0.365189 0.155523
0.606738 0.369664 0.15489
0.610358 0.368706 0.153289
0.60987 0.3711 0.152272
0.613464 0.372152 0.151162
0.61267 0.374768 0.15006
0.616599 0.375514 0.149187
0.615388 0.378439 0.147934
0.61979 0.378768 0.147446
0.618005 0.382125 0.145924
0.620543 0.382003 0.14493
0.620522 0.385842 0.144066
0.62351 0.385346 0.142914
0.622887 0.389619 0.14248
0.626514 0.3886 0.141028
0.625778 0.39105 0.140072
0.629597 0.391736 0.139367
0.628247 0.394646 0.1382
0.630533 0.394676 0.137344
0.630587 0.398295 0.136509
0.633412 0.397886 0.135492
0.632729 0.402043 0.135176
0.636366 0.400982 0.133813
0.635473 0.40347 0.132892
0.639463 0.403915 0.132485
0.637722 0.407039 0.131258
0.640265 0.40682 0.130382
0.639769 0.410719 0.129966
0.643152 0.409835 0.128792
0.64232 0.412216 0.127948
0.646215 0.412664 0.127594
0.644444 0.415745 0.126439
0.647018 0.415472 0.125595
0.646668 0.417447 0.124897
0.649901 0.418363 0.124176
0.648833 0.420868 0.12332
0.650933 0.420941 0.122617
0.650783 0.424408 0.122032
0.653689 0.423852 0.121127
0.653028 0.426013 0.120408
0.656658 0.426554 0.120042
0.654991 0.429458 0.119051
0.657511 0.42918 0.118285
0.65707 0.431143 0.117637
0.660375 0.431891 0.117113
0.659027 0.434518 0.116267
0.661324 0.434392 0.115576
0.660996 0.436241 0.114969
0.664118 0.437085 0.114391
0.662923 0.439564 0.113622
0.665111 0.439504 0.112974
0.664819 0.441296 0.112394
0.667866 0.442156 0.111825
0.666695 0.444586 0.111093
0.668865 0.444521 0.110468
0.668544 0.446308 0.109904
0.671612 0.447112 0.109399
0.670348 0.449582 0.108675
0.672589 0.449447 0.108056
0.672173 0.451277 0.1075
0.675365 0.451951 0.107124
0.673877 0.454555 0.106376
0.67629 0.454277 0.105744
0.6757 0.456209 0.105184
0.677422 0.456435 0.104665
0.677279 0.459516 0.104215
0.679981 0.45901 0.103544
0.679122 0.461113 0.102964
0.681048 0.461171 0.102435
0.680781 0.462831 0.101941
0.683695 0.463621 0.101506
0.682409 0.466007 0.100875
0.684671 0.465804 0.100315
0.6841 0.467661 0.099804
0.685791 0.467868 0.0993232
0.685534 0.470919 0.0989817
0.688324 0.470317 0.0983477
0.687284 0.472488 0.0977928
0.689349 0.472408 0.0972849
0.688883 0.474154 0.0968104
0.690478 0.474407 0.0963573
0.690286 0.477348 0.0959955
0.692958 0.476815 0.0954145
0.691953 0.478925 0.0948947
0.693987 0.478846 0.0944124
0.693495 0.480579 0.0939581
0.695101 0.480801 0.0935223
0.694804 0.483757 0.0932459
0.697584 0.483129 0.0926766
0.696427 0.485313 0.0921658
0.698588 0.485124 0.0916909
0.697938 0.486937 0.0912445
0.699668 0.48705 0.090817
0.699371 0.488604 0.0904042
0.702226 0.48925 0.0901681
0.700689 0.491669 0.0896369
0.703176 0.491229 0.0891464
0.702194 0.493246 0.0886913
0.704205 0.49314 0.0882588
0.70362 0.494868 0.0878454
0.705285 0.495001 0.0874452
0.704989 0.496517 0.0870559
0.707809 0.497132 0.0868666
0.706219 0.499545 0.0863715
0.708762 0.499045 0.0859074
0.70766 0.501106 0.0854731
0.709773 0.500904 0.0850575
0.709037 0.5027 0.0846594
0.710826 0.502721 0.084273
0.710366 0.504317 0.0838973
0.711907 0.504506 0.0835293
0.711656 0.505947 0.0831681
0.714358 0.50658 0.0829805
0.712815 0.50891 0.0825398
0.715327 0.508407 0.0821181
0.714168 0.510461 0.0817176
0.716333 0.510196 0.0813299
0.715476 0.512032 0.0809557
0.717367 0.511953 0.0805903
0.716746 0.513617 0.080234
0.71842 0.513684 0.0798841
0.717986 0.515211 0.0795404
0.719486 0.515394 0.0792015
0.719201 0.51681 0.0788673
0.72056 0.517085 0.0785367
0.720231 0.519738 0.0783715
0.722884 0.51911 0.0779847
0.721497 0.521267 0.0776142
0.723877 0.520824 0.0772514
0.722731 0.522808 0.0769002
0.724887 0.522515 0.0765549
0.723937 0.524356 0.076218
0.725908 0.524187 0.0758857
0.725121 0.525909 0.0755598
0.726937 0.525841 0.0752377
0.726284 0.527464 0.0749204
0.727972 0.527479 0.0746064
0.72743 0.52902 0.0742962
0.729011 0.529104 0.0739888
0.72856 0.530575 0.0736846
0.730052 0.530716 0.0733828
0.729677 0.532128 0.0730837
0.731092 0.532315 0.0727868
0.73078 0.533678 0.0724923
0.732133 0.533904 0.0721998
0.731872 0.535226 0.0719095
0.733172 0.535483 0.0716209
0.732953 0.536769 0.0713344
0.734209 0.537051 0.0710496
0.734024 0.538308 0.0707666
0.736462 0.538912 0.0706524
0.73492 0.541077 0.0703615
0.737468 0.540471 0.0700708
0.735986 0.542588 0.0697869
0.738476 0.542018 0.0695032
0.737037 0.544098 0.0692259
0.739486 0.543552 0.0689486
0.738075 0.545607 0.0686773
0.740498 0.545074 0.0684061
0.7391 0.547114 0.0681406
0.741512 0.546585 0.0678752
0.740111 0.548619 0.0676155
0.742526 0.548085 0.0673558
0.741109 0.550123 0.0671018
0.743542 0.549573 0.0668479
0.742094 0.551624 0.0665999
0.74456 0.551049 0.066352
0.743066 0.553124 0.0661103
0.745579 0.552514 0.0658688
0.744024 0.554623 0.065634
0.746601 0.553966 0.0653994
0.745785 0.555044 0.064758
0.762288 0.578066 0.0574168
0.761594 0.579009 0.0569408
0.778329 0.599326 0.0533241
0.775874 0.601347 0.0502725
0.777448 0.602139 0.0500521
0.776617 0.603568 0.0499187
0.778434 0.603297 0.0498006
0.777831 0.604129 0.0494387
0.78617 0.613049 0.0482375
0.784375 0.614616 0.0465336
0.78584 0.6154 0.0463242
0.785072 0.61674 0.04621
0.785941 0.616615 0.0459397
0.790235 0.627501 0.0449198
0.792387 0.626554 0.0432781
0.792362 0.628208 0.0431273
0.793194 0.628092 0.0428821
0.796979 0.638742 0.0424893
0.79939 0.637628 0.0404394
0.799248 0.638501 0.0403101
0.800206 0.638686 0.0401877
0.799811 0.639714 0.0400757
0.801078 0.639704 0.0399791
0.800296 0.640968 0.0399062
0.801167 0.640813 0.0396459
0.802652 0.646091 0.039285
0.804192 0.645516 0.0384869
0.804209 0.647028 0.0383418
0.804959 0.646941 0.0381445
0.806516 0.652032 0.0376801
0.807909 0.651543 0.0370367
0.80794 0.65301 0.036893
0.808663 0.652934 0.0367102
0.81013 0.657942 0.0363167
0.811549 0.657432 0.0356529
0.811511 0.658907 0.0355411
0.812281 0.658796 0.0353394
0.813502 0.663821 0.0351957
0.81512 0.663185 0.0343332
0.815017 0.663957 0.0342275
0.815872 0.664142 0.0341297
0.815487 0.665083 0.0340453
0.816705 0.665043 0.0339827
0.816276 0.665657 0.0337967
0.818222 0.667279 0.0335309
0.817661 0.667969 0.0332837
0.819765 0.669469 0.033133
0.819024 0.670265 0.032781
0.82019 0.670934 0.0326475
0.819841 0.671489 0.0324995
0.823525 0.674736 0.0323388
0.822297 0.675817 0.031591
0.823042 0.676039 0.0314989
0.82275 0.676888 0.0314177
0.823828 0.676906 0.0313556
0.823459 0.677465 0.0312052
0.82532 0.679014 0.0309706
0.824763 0.679683 0.0307385
0.826873 0.681059 0.0306801
0.82604 0.68189 0.0302826
0.827283 0.682454 0.0302087
0.826818 0.683061 0.0300241
0.828804 0.684478 0.0299023
0.828076 0.68524 0.0295799
0.829252 0.685828 0.0294902
0.828837 0.6864 0.0293294
0.830753 0.687825 0.0291855
0.830075 0.688552 0.0288969
0.83122 0.689142 0.0288052
0.83082 0.689699 0.0286535
0.832712 0.691106 0.0285159
0.832036 0.691826 0.0282329
0.833183 0.692398 0.0281502
0.832769 0.692959 0.0279958
0.834679 0.694323 0.0278911
0.833961 0.695062 0.0275873
0.835142 0.695599 0.0275256
0.834685 0.696181 0.0273559
0.835672 0.696828 0.0272348
0.835392 0.697303 0.0271292
0.837099 0.698744 0.0269331
0.836566 0.699366 0.0267333
0.837611 0.699963 0.0266357
0.837265 0.700472 0.0265119
0.839067 0.701826 0.0263867
0.838412 0.702515 0.0261283
0.839553 0.70304 0.0260706
0.839105 0.703605 0.0259115
0.840084 0.70422 0.0258046
0.839785 0.704695 0.0256984
0.841508 0.706054 0.025553
0.840909 0.706705 0.0253279
0.842009 0.707233 0.0252662
0.841584 0.707779 0.0251192
0.842544 0.708384 0.0250163
0.842248 0.708852 0.0249137
0.84396 0.710177 0.0247857
0.843345 0.710831 0.0245569
0.844461 0.71133 0.0245108
0.844005 0.711887 0.0243553
0.84499 0.712459 0.0242681
0.844656 0.712943 0.0241568
0.846423 0.714196 0.024086
0.84572 0.714895 0.0238144
0.846317 0.715112 0.0237485
0.846071 0.715825 0.023694
0.847021 0.715832 0.0236625
0.846645 0.716336 0.0235399
0.847562 0.716927 0.0234432
0.847278 0.717375 0.0233494
0.848954 0.718639 0.0232492
0.84832 0.719291 0.0230194
0.84889 0.719514 0.0229553
0.848667 0.720201 0.0229019
0.849577 0.720223 0.0228699
0.849219 0.720709 0.0227563
0.850118 0.72129 0.0226637
0.849837 0.721731 0.0225732
0.851501 0.72296 0.0224905
0.850851 0.723615 0.0222565
0.85143 0.723823 0.0221963
0.851177 0.724516 0.0221483
0.851649 0.724512 0.0220711
0.851973 0.726499 0.021953
0.852777 0.726299 0.0217611
0.852635 0.727461 0.0217389
0.853348 0.727313 0.021586
0.853281 0.728426 0.0215378
0.85392 0.728321 0.0214131
0.853914 0.729393 0.0213461
0.85449 0.729323 0.021242
0.854536 0.730361 0.0211616
0.85506 0.73032 0.0210728
0.855235 0.732336 0.0210394
0.856174 0.732052 0.0207822
0.856023 0.732665 0.0207306
0.856805 0.732734 0.0206955
0.856513 0.733166 0.0206087
0.857345 0.733727 0.020523
0.857087 0.734138 0.0204453
0.858686 0.735289 0.0203911
0.858026 0.73593 0.0201644
0.858615 0.736104 0.0201142
0.858301 0.736801 0.0200799
0.858809 0.736764 0.0199972
0.858881 0.737749 0.0199152
0.859361 0.737727 0.0198394
0.859547 0.739664 0.0197979
0.860439 0.739401 0.0195684
0.860285 0.739997 0.0195212
0.861058 0.740055 0.0194915
0.860757 0.740482 0.0194063
0.861592 0.741008 0.0193343
0.861307 0.741425 0.0192538
0.862125 0.741956 0.0191795
0.861853 0.742363 0.0191028
0.862658 0.742898 0.0190268
0.862397 0.743299 0.0189531
0.863191 0.743836 0.0188762
0.862937 0.74423 0.0188048
0.863722 0.744768 0.0187274
0.863474 0.745158 0.0186577
0.864253 0.745695 0.0185804
0.864009 0.746082 0.0185121
0.864782 0.746618 0.0184352
0.86454 0.747003 0.0183677
0.865311 0.747536 0.0182918
0.865068 0.747919 0.0182245
0.865839 0.748449 0.0181501
0.865593 0.748833 0.0180827
0.866366 0.749357 0.0180101
0.866116 0.749742 0.0179421
0.866892 0.75026 0.0178718
0.866635 0.750648 0.0178028
0.867417 0.751159 0.0177353
0.867152 0.751551 0.0176648
0.867941 0.752053 0.0176006
0.867665 0.75245 0.0175279
0.868465 0.752942 0.0174679
0.868176 0.753345 0.0173923
0.868989 0.753826 0.0173371
0.868684 0.754237 0.017258
0.869513 0.754705 0.0172085
0.869188 0.755126 0.0171249
0.870036 0.755579 0.0170823
0.86969 0.756011 0.016993
0.87056 0.756447 0.0169586
0.870188 0.756893 0.0168623
0.871085 0.75731 0.0168379
0.870683 0.757772 0.016733
0.871147 0.75797 0.0166891
0.870942 0.75855 0.0166559
0.871351 0.758547 0.0166004
0.871423 0.759428 0.0165323
0.871852 0.759412 0.0164728
0.871899 0.760304 0.0164109
0.872352 0.760274 0.0163464
0.872369 0.761179 0.016292
0.87285 0.761131 0.0162212
0.872834 0.762051 0.0161758
0.873347 0.761985 0.0160972
0.873292 0.762923 0.016063
0.873843 0.762834 0.0159745
0.873743 0.763793 0.0159541
0.874338 0.763679 0.015853
0.874263 0.764171 0.0158126
0.874869 0.764274 0.0157837
0.874646 0.764624 0.0157281
0.875378 0.765102 0.015671
0.875119 0.765472 0.0156083
0.875889 0.765924 0.0155617
0.875588 0.766317 0.0154896
0.876404 0.76674 0.0154567
0.876054 0.76716 0.0153723
0.876923 0.767548 0.0153569
0.876515 0.768 0.0152563
0.876981 0.768174 0.0152186
0.87674 0.76875 0.0151937
0.877168 0.768726 0.0151364
0.877175 0.769597 0.0150887
0.877647 0.769547 0.0150218
0.877601 0.770444 0.0149882
0.878126 0.770363 0.0149084
0.878018 0.771292 0.0148937
0.878606 0.771174 0.0147964
0.878515 0.771658 0.0147604
0.879131 0.771739 0.0147374
0.878887 0.772093 0.0146806
0.879634 0.772529 0.0146385
0.879336 0.772913 0.01457
0.880143 0.773311 0.0145456
0.87978 0.77373 0.0144608
0.88022 0.773907 0.0144248
0.879999 0.774458 0.0144005
0.880407 0.774439 0.0143483
0.880412 0.775285 0.0143037
0.880874 0.775235 0.0142405
0.880815 0.776114 0.014213
0.881341 0.776027 0.014134
0.881273 0.776486 0.0140986
0.881844 0.776583 0.0140744
0.881626 0.776916 0.0140246
0.882338 0.777351 0.0139811
0.882061 0.777717 0.0139195
0.882841 0.77811 0.0138947
0.882491 0.778516 0.0138159
0.882923 0.778687 0.0137819
0.8827 0.779228 0.0137599
0.883104 0.779206 0.0137091
0.883093 0.78004 0.0136708
0.883562 0.779982 0.0136068
0.883472 0.780856 0.0135898
0.88402 0.780752 0.013506
0.883928 0.781214 0.0134741
0.884527 0.781285 0.0134556
0.884278 0.78163 0.0134016
0.885022 0.782028 0.0133727
0.884697 0.782414 0.0133023
0.885113 0.782586 0.0132694
0.884903 0.783111 0.0132477
0.885294 0.783093 0.0132001
0.885282 0.783909 0.0131637
0.885743 0.783851 0.0131022
0.885645 0.784713 0.013089
0.886194 0.784605 0.0130058
0.886091 0.785064 0.0129761
0.886699 0.785123 0.0129609
0.886437 0.785471 0.0129056
0.887193 0.785845 0.0128858
0.886843 0.78624 0.0128107
0.887273 0.786397 0.0127807
0.887028 0.786932 0.012764
0.887444 0.786896 0.0127125
0.887386 0.787722 0.012689
0.887886 0.787638 0.012619
0.887806 0.788078 0.012589
0.888373 0.788154 0.0125715
0.888137 0.788483 0.0125226
0.888858 0.788864 0.0124978
0.888536 0.789241 0.0124308
0.888949 0.7894 0.0124012
0.888721 0.789919 0.0123838
0.889121 0.78989 0.012336
0.88907 0.790697 0.0123117
0.889557 0.790619 0.0122457
0.889477 0.791051 0.0122167
0.890036 0.791125 0.0122
0.889802 0.79145 0.0121525
0.890518 0.791822 0.0121306
0.890192 0.792197 0.0120638
0.890606 0.79235 0.0120358
0.890367 0.792868 0.0120208
0.890773 0.792832 0.0119721
0.890702 0.793639 0.0119545
0.891204 0.793548 0.0118851
0.891108 0.793984 0.0118583
0.891689 0.79404 0.0118455
0.891432 0.794374 0.0117948
0.892173 0.794719 0.0117837
0.891811 0.795111 0.0117095
0.892246 0.795246 0.0116844
0.892105 0.795514 0.0116527
0.892702 0.795935 0.0116092
0.89249 0.796242 0.0115672
0.893173 0.796612 0.0115435
0.892867 0.79697 0.0114833
0.893267 0.797121 0.0114568
0.893035 0.797624 0.0114428
0.893432 0.797589 0.0113966
0.893352 0.798379 0.0113827
0.893854 0.798285 0.0113145
0.893747 0.798716 0.0112901
0.894041 0.798737 0.01126
0.894086 0.799453 0.0112181
0.894452 0.799433 0.0111777
0.894404 0.800197 0.0111561
0.894868 0.800123 0.0110971
0.894781 0.800539 0.011072
0.895333 0.800597 0.01106
0.895087 0.800917 0.0110137
0.895448 0.801082 0.0109866
0.895268 0.801548 0.010969
0.895619 0.801534 0.0109313
0.895581 0.802284 0.0109081
0.89603 0.802216 0.0108525
0.895948 0.802624 0.0108279
0.896488 0.802685 0.0108159
0.896248 0.802999 0.0107713
0.896604 0.803163 0.0107449
0.896425 0.803623 0.0107279
0.896774 0.803609 0.010691
0.896731 0.804352 0.0106695
0.89718 0.804282 0.0106142
0.897093 0.804688 0.0105906
0.897638 0.804743 0.0105801
0.897391 0.805059 0.010535
0.89775 0.805216 0.0105097
0.89756 0.805678 0.0104944
0.897916 0.805658 0.0104566
0.897855 0.806402 0.0104401
0.898319 0.806322 0.010382
0.898218 0.806732 0.0103599
0.8985 0.806752 0.0103326
0.898532 0.80744 0.0102965
0.898894 0.807415 0.0102579
0.898819 0.80816 0.0102458
0.899295 0.808071 0.0101851
0.899182 0.808484 0.0101645
0.899472 0.808498 0.0101364
0.899487 0.809188 0.0101042
0.899864 0.809153 0.0100635
0.899813 0.809529 0.0100393
0.900288 0.809613 0.0100245
0.90009 0.809896 0.00998909
0.90074 0.810229 0.00997435
0.900429 0.810574 0.00991837
0.900828 0.810698 0.00989804
0.900691 0.810945 0.0098712
0.901259 0.811319 0.00983973
0.901033 0.811616 0.00980043
0.901375 0.811769 0.00977703
0.901193 0.812212 0.00976316
0.901537 0.812192 0.00972821
0.901467 0.812914 0.00971601
0.901928 0.812829 0.00965968
0.901814 0.813232 0.00964056
0.9021 0.813244 0.00961366
0.902103 0.81392 0.00958545
0.902482 0.81388 0.00954508
0.902421 0.814251 0.00952296
0.902904 0.814321 0.00951129
0.902691 0.814607 0.00947494
0.903024 0.81476 0.00945224
0.902849 0.815192 0.00943861
0.903184 0.815175 0.00940542
0.903115 0.815883 0.00939396
0.903568 0.8158 0.0093395
0.903453 0.816197 0.00932145
0.903738 0.816207 0.00929508
0.903731 0.816876 0.00926975
0.904114 0.81683 0.00922915
0.904044 0.817201 0.00920843
0.904536 0.81726 0.00919901
0.904311 0.817549 0.0091616
0.90465 0.817693 0.00914045
0.904456 0.818129 0.0091295
0.904805 0.818102 0.00909463
0.904755 0.818458 0.00907315
0.90521 0.818535 0.00906088
0.905014 0.818807 0.00902824
0.905333 0.818959 0.00900653
0.905168 0.819377 0.00899327
0.905491 0.819362 0.00896241
0.905422 0.820053 0.00895192
0.905867 0.81997 0.00890004
0.905748 0.82036 0.00888344
0.906032 0.820366 0.00885781
0.906012 0.821025 0.00883643
0.906401 0.820973 0.00879552
0.906318 0.821341 0.00877674
0.90657 0.821364 0.00875471
0.906591 0.821997 0.00872608
0.906934 0.821969 0.00869271
0.906881 0.822319 0.00867253
0.907334 0.82239 0.00866182
0.907133 0.82266 0.00862961
0.907452 0.822804 0.00860943
0.907275 0.82322 0.00859837
0.907606 0.823198 0.00856701
0.907559 0.823541 0.00854686
0.907999 0.823617 0.00853553
0.907807 0.823881 0.00850494
0.90812 0.824027 0.00848487
0.907951 0.824436 0.00847343
0.908273 0.824417 0.00844336
0.908229 0.824756 0.00842339
0.908662 0.824834 0.00841192
0.908475 0.825094 0.00838229
0.908783 0.825239 0.00836247
0.908617 0.825644 0.0083511
0.908936 0.825626 0.00832171
0.908893 0.825963 0.00830206
0.909322 0.82604 0.00829085
0.909135 0.826298 0.00826162
0.909443 0.826441 0.0082422
0.909276 0.826844 0.00823129
0.909594 0.826825 0.00820201
0.909549 0.827161 0.00818283
0.90998 0.827235 0.00817228
0.90979 0.827493 0.0081429
0.910099 0.827634 0.008124
0.909925 0.828037 0.00811397
0.910249 0.828015 0.00808425
0.910198 0.828351 0.00806566
0.910635 0.828419 0.00805621
0.910438 0.82868 0.00802609
0.910751 0.828816 0.00800787
0.910567 0.829223 0.00799916
0.910898 0.829195 0.00796839
0.910839 0.829533 0.00795057
0.911288 0.829592 0.00794269
0.911079 0.829859 0.00791118
0.9114 0.829988 0.00789382
0.911199 0.830402 0.00788697
0.911544 0.830365 0.00785444
0.911473 0.830707 0.00783757
0.911706 0.830731 0.00781858
0.911722 0.831328 0.00779391
0.91205 0.831299 0.00776393
0.911989 0.831634 0.00774675
0.912436 0.83169 0.00773962
0.912225 0.831956 0.00770838
0.912547 0.83208 0.0076918
0.912443 0.832287 0.00767329
0.912932 0.832618 0.00764923
0.912732 0.832877 0.00761978
0.913045 0.833004 0.00760307
0.912849 0.833409 0.00759655
0.913187 0.833373 0.00756538
0.913116 0.833709 0.00754937
0.913347 0.833732 0.00753094
0.913355 0.83432 0.00750839
0.913684 0.834288 0.0074786
0.913617 0.83462 0.00746257
0.913843 0.834644 0.00744467
0.913856 0.835226 0.00742174
0.914179 0.835197 0.00739293
0.914114 0.835526 0.00737698
0.914337 0.83555 0.00735947
0.914351 0.836128 0.00733653
0.91467 0.8361 0.00730837
0.914607 0.836426 0.00729258
0.914828 0.836451 0.00727534
0.914842 0.837026 0.00725272
0.915159 0.836998 0.00722488
0.915096 0.837322 0.00720935
0.915316 0.837346 0.00719225
0.915328 0.837919 0.00717027
0.915646 0.837889 0.00714246
0.91558 0.838213 0.00712727
0.915802 0.838236 0.0071102
0.915809 0.838807 0.00708918
0.91613 0.838775 0.0070611
0.91606 0.839099 0.00704633
0.916284 0.83912 0.00702917
0.916285 0.839691 0.00700945
0.916611 0.839656 0.00698077
0.916536 0.839981 0.00696654
0.916764 0.839999 0.00694915
0.916757 0.84057 0.00693111
0.91709 0.84053 0.00690149
0.917008 0.840858 0.00688789
0.917241 0.840872 0.00687012
0.917223 0.841446 0.00685421
0.917566 0.8414 0.00682323
0.917475 0.84173 0.0068104
0.917715 0.84174 0.00679209
0.917684 0.842317 0.00677883
0.91804 0.842263 0.00674601
0.917939 0.842598 0.0067341
0.918187 0.842602 0.00671504
0.91814 0.843184 0.00670509
0.918512 0.843121 0.00666983
0.918397 0.843461 0.00665905
0.918657 0.843458 0.00663898
0.918591 0.844048 0.00663313
0.918982 0.843973 0.0065947
0.918851 0.84432 0.00658529
0.919123 0.84431 0.00656389
0.919079 0.844609 0.0065491
0.919472 0.84467 0.00654232
0.919288 0.844907 0.00651781
0.919582 0.845021 0.00650425
0.919483 0.845212 0.00648861
0.919945 0.845508 0.00647139
0.91974 0.845755 0.00644439
0.92005 0.84586 0.00643196
0.919936 0.846057 0.00641528
0.920418 0.846339 0.00640226
0.920189 0.846599 0.006372
0.920516 0.846692 0.00636098
0.920386 0.846898 0.00634291
0.920892 0.847164 0.00633522
0.920634 0.847438 0.00630067
0.920982 0.847518 0.00629142
0.920832 0.847734 0.00627149
0.921099 0.847857 0.00625742
0.92094 0.848211 0.0062511
0.921234 0.848186 0.00622769
0.921167 0.848489 0.00621496
0.921379 0.848508 0.00619986
0.921368 0.849048 0.0061847
0.921688 0.849007 0.00615792
0.9216 0.84932 0.00614665
0.92183 0.849329 0.00613009
0.921789 0.849881 0.00612052
0.922141 0.849823 0.0060892
0.922027 0.850148 0.0060798
0.922279 0.850144 0.00606125
0.92224 0.850428 0.00604755
0.922612 0.85049 0.00604112
0.922437 0.850716 0.00601906
0.922721 0.850825 0.00600676
0.922623 0.851009 0.00599227
0.923074 0.851288 0.00597795
0.922866 0.851531 0.00595191
0.923174 0.851625 0.00594132
0.923053 0.851821 0.00592505
0.923538 0.852079 0.00591747
0.92329 0.852343 0.00588586
0.923629 0.852419 0.00587756
0.92348 0.852629 0.00585878
0.923743 0.852746 0.00584598
0.923578 0.853092 0.00584117
0.923872 0.853063 0.00581822
0.923797 0.853361 0.00580708
0.924012 0.853373 0.00579222
0.92398 0.853905 0.00578175
0.924313 0.853853 0.00575368
0.924206 0.854167 0.00574469
0.924449 0.854164 0.0057275
0.924411 0.85444 0.00571465
0.924773 0.854499 0.00570889
0.9246 0.85472 0.00568788
0.92488 0.854823 0.00567661
0.92478 0.855004 0.00566264
0.925227 0.855271 0.00565101
0.925013 0.855513 0.00562491
0.925324 0.855598 0.0056158
0.925195 0.855794 0.00559948
0.925441 0.855914 0.00558683
0.925297 0.856243 0.00558094
0.92557 0.856222 0.0055608
0.925505 0.856508 0.00554973
0.925708 0.856524 0.00553619
0.925685 0.857038 0.00552475
0.926001 0.856993 0.00549938
0.925902 0.857296 0.00549054
0.926135 0.857296 0.00547456
0.926099 0.857564 0.00546228
0.926451 0.857624 0.00545677
0.926283 0.857838 0.00543686
0.926557 0.857939 0.00542624
0.926457 0.858117 0.00541281
0.926899 0.858374 0.00540274
0.926683 0.858614 0.00537703
0.926994 0.858693 0.0053689
0.92686 0.858889 0.0053527
0.927107 0.859002 0.00534101
0.926953 0.859331 0.00533659
0.927233 0.859303 0.00531599
0.927157 0.859589 0.00530614
0.927367 0.859599 0.0052924
0.927324 0.860111 0.00528502
0.927656 0.860055 0.00525776
0.927539 0.860362 0.00525076
0.927785 0.860351 0.00523381
0.927734 0.860622 0.00522289
0.92792 0.860643 0.00521092
0.92791 0.861134 0.00519835
0.928203 0.861098 0.00517627
0.928114 0.861387 0.00516761
0.928334 0.86139 0.00515316
0.928302 0.861649 0.00514157
0.928639 0.861708 0.00513629
0.928478 0.861915 0.00511787
0.928744 0.862012 0.00510803
0.928646 0.862185 0.00509534
0.929079 0.862432 0.00508697
0.928862 0.862668 0.00506199
0.929172 0.862741 0.00505503
0.929033 0.862934 0.0050391
0.929281 0.86304 0.00502858
0.929198 0.863203 0.00501715
0.929606 0.86346 0.00500528
0.929415 0.863681 0.00498394
0.929704 0.863763 0.00497586
0.929583 0.863946 0.00496173
0.929816 0.864058 0.00495079
0.929674 0.86437 0.00494638
0.929938 0.864346 0.00492793
0.929866 0.86462 0.00491889
0.930068 0.86463 0.00490622
0.930021 0.865125 0.00490042
0.930347 0.865067 0.00487448
0.930225 0.865367 0.00486878
0.930471 0.865352 0.00485232
0.930412 0.865617 0.00484278
0.930601 0.865632 0.00483112
0.930572 0.866114 0.00482259
0.930876 0.866067 0.00479959
0.930769 0.866357 0.00479301
0.931 0.866348 0.00477802
0.930951 0.866607 0.00476818
0.93113 0.866626 0.00475728
0.931114 0.867097 0.00474689
0.931401 0.867058 0.00472604
0.931306 0.86734 0.00471889
0.931526 0.867337 0.00470499
0.931484 0.867589 0.00469498
0.931655 0.867612 0.00468465
0.931648 0.868074 0.00467307
0.931924 0.868041 0.00465378
0.931836 0.868316 0.00464629
0.932048 0.868317 0.00463318
0.932011 0.868565 0.00462312
0.932177 0.86859 0.00461323
0.932176 0.869045 0.00460094
0.932442 0.869016 0.00458276
0.932361 0.869286 0.0045751
0.932566 0.869289 0.00456256
0.932533 0.869533 0.00455255
0.932856 0.869586 0.00454862
0.932696 0.869784 0.00453174
0.932956 0.86987 0.00452376
0.932852 0.870038 0.00451189
0.933067 0.870148 0.00450178
0.932941 0.87044 0.00449726
0.933186 0.870421 0.00448137
0.933119 0.87068 0.00447316
0.93331 0.87069 0.00446182
0.933262 0.871162 0.00445726
0.933578 0.871105 0.00443333
0.933453 0.871394 0.00442889
0.933696 0.871375 0.00441326
0.933629 0.871633 0.00440522
0.933819 0.871642 0.00439403
0.93377 0.872112 0.00438986
0.934085 0.872054 0.00436606
0.933958 0.872342 0.00436188
0.934202 0.872322 0.00434629
0.934133 0.872579 0.00433852
0.934324 0.872587 0.00432735
0.934297 0.872821 0.00431767
0.934602 0.872877 0.00431333
0.934454 0.873066 0.0042982
0.934702 0.873152 0.00429043
0.934605 0.873314 0.0042795
0.935019 0.873529 0.004276
0.934795 0.873758 0.00425241
0.935105 0.87381 0.00424872
0.934951 0.874001 0.00423316
0.935203 0.874083 0.00422587
0.935101 0.874246 0.00421471
0.935311 0.874351 0.00420547
0.935182 0.874636 0.0042019
0.935426 0.874614 0.00418644
0.935353 0.874869 0.00417929
0.935545 0.874874 0.0041682
0.935514 0.875106 0.00415911
0.935823 0.875156 0.00415573
0.935668 0.875346 0.00414029
0.93592 0.875426 0.00413335
0.935816 0.875589 0.00412225
0.936027 0.87569 0.00411335
0.93596 0.875833 0.00410466
0.93632 0.876068 0.00409441
0.936152 0.876264 0.00407791
0.936414 0.876337 0.00407174
0.9363 0.876504 0.00406004
0.936518 0.8766 0.00405167
0.936444 0.876746 0.00404267
0.936815 0.876972 0.00403461
0.936632 0.877175 0.00401661
0.936906 0.87724 0.00401143
0.936779 0.877413 0.00399887
0.937007 0.877502 0.00399117
0.936923 0.877652 0.00398169
0.937309 0.877867 0.00397649
0.937106 0.87808 0.00395642
0.937396 0.878135 0.00395251
0.937254 0.878315 0.00393876
0.937494 0.878396 0.00393188
0.937397 0.878552 0.00392173
0.937599 0.878653 0.00391318
0.937474 0.878928 0.00391002
0.937711 0.878906 0.00389561
0.937636 0.879153 0.00388923
0.937826 0.879156 0.0038787
0.93779 0.879382 0.00387051
0.937944 0.879403 0.00386221
0.937932 0.879824 0.00385363
0.938189 0.87979 0.00383729
0.938096 0.880045 0.00383211
0.938302 0.880039 0.00382047
0.938252 0.880271 0.00381305
0.938418 0.880285 0.00380412
0.938382 0.880714 0.00379908
0.938665 0.880667 0.00378007
0.93855 0.880932 0.00377647
0.938775 0.880914 0.00376326
0.938707 0.881154 0.00375686
0.938889 0.881159 0.00374702
0.938857 0.88138 0.00373902
0.939005 0.881402 0.00373115
0.938996 0.881814 0.00372253
0.939245 0.881782 0.0037071
0.939156 0.882032 0.00370206
0.939357 0.882026 0.00369092
0.939307 0.882254 0.00368379
0.939471 0.882268 0.00367517
0.939434 0.882691 0.00367065
0.939714 0.882642 0.00365205
0.939597 0.882905 0.00364885
0.939822 0.882886 0.00363583
0.939752 0.883123 0.00362989
0.939934 0.883126 0.00362015
0.939898 0.883345 0.00361261
0.940049 0.883365 0.00360482
0.940031 0.883773 0.00359758
0.940286 0.883737 0.00358181
0.940189 0.883987 0.00357751
0.940395 0.883977 0.00356613
0.940338 0.884205 0.00355964
0.940507 0.884215 0.00355089
0.940481 0.884426 0.00354312
0.94076 0.884475 0.00354013
0.940619 0.884649 0.00352742
0.940854 0.884721 0.0035218
0.940754 0.884873 0.00351223
0.940954 0.884963 0.00350504
0.940885 0.885098 0.00349737
0.941232 0.885306 0.00349115
0.941056 0.885497 0.00347522
0.94132 0.885553 0.0034715
0.941191 0.885718 0.00345998
0.941415 0.885795 0.00345403
0.941323 0.885941 0.00344518
0.941515 0.886034 0.00343789
0.941452 0.886164 0.00343067
0.941787 0.886375 0.00342334
0.941623 0.886559 0.0034088
0.941876 0.886618 0.00340466
0.941756 0.886778 0.00339396
0.941971 0.886857 0.00338785
0.941886 0.886999 0.00337951
0.942072 0.887093 0.00337221
0.941955 0.887347 0.00336969
0.942176 0.887326 0.0033573
0.942101 0.887557 0.00335224
0.942284 0.887557 0.00334287
0.942242 0.88777 0.00333626
0.942393 0.887786 0.00332874
0.942361 0.888185 0.00332425
0.942624 0.888141 0.00330794
0.942512 0.88839 0.0033052
0.942728 0.888371 0.00329339
0.942656 0.888599 0.0032883
0.942834 0.8886 0.00327927
0.942794 0.88881 0.00327274
0.942943 0.888826 0.00326544
0.942913 0.889221 0.00326082
0.943171 0.889178 0.00324504
0.943062 0.889424 0.00324231
0.943274 0.889406 0.0032308
0.943204 0.889631 0.00322582
0.94338 0.889632 0.00321697
0.94334 0.889841 0.0032106
0.943488 0.889856 0.00320342
0.943456 0.890247 0.00319913
0.943714 0.890204 0.00318348
0.943603 0.890449 0.00318098
0.943816 0.89043 0.00316951
0.943744 0.890654 0.00316477
0.943921 0.890654 0.00315595
0.943879 0.890862 0.00314981
0.944027 0.890876 0.00314266
0.943991 0.891266 0.00313915
0.944253 0.89122 0.00312323
0.944195 0.891343 0.00311682
0.944512 0.891544 0.00311013
0.944356 0.891719 0.00309709
0.944599 0.891774 0.00309356
0.944481 0.891928 0.00308371
0.944691 0.892001 0.00307845
0.944604 0.892138 0.00307064
0.944787 0.892225 0.00306429
0.944725 0.892349 0.00305779
0.945047 0.892544 0.00305238
0.944882 0.892722 0.00303864
0.945132 0.892772 0.00303577
0.945007 0.892929 0.00302545
0.945222 0.892997 0.00302071
0.945129 0.893137 0.00301259
0.945317 0.893219 0.00300665
0.945248 0.893345 0.00299996
0.94558 0.893532 0.00299632
0.945402 0.893716 0.00298145
0.945532 0.893737 0.00297537
0.945519 0.894104 0.0029691
0.945747 0.894074 0.00295662
0.945656 0.894301 0.0029534
0.945847 0.89429 0.00294388
0.945787 0.8945 0.00293902
0.945949 0.894505 0.00293142
0.945915 0.894701 0.00292551
0.946052 0.894718 0.00291918
0.946024 0.895089 0.00291497
0.946268 0.895049 0.0029011
0.946162 0.895283 0.00289894
0.946366 0.895264 0.00288849
0.946293 0.895479 0.00288441
0.946466 0.895477 0.0028762
0.946421 0.895678 0.00287086
0.946568 0.895688 0.00286413
0.946544 0.895877 0.00285799
0.946671 0.895899 0.00285223
0.946659 0.896257 0.00284611
0.946881 0.896228 0.0028343
0.946792 0.89645 0.00283125
0.946979 0.896439 0.00282213
0.946919 0.896645 0.00281756
0.947079 0.896649 0.00281022
0.947043 0.896842 0.00280465
0.94718 0.896858 0.0027985
0.947148 0.897223 0.00279514
0.947392 0.897181 0.00278134
0.947337 0.897297 0.00277565
0.947639 0.897485 0.00277029
0.947486 0.897652 0.00275833
0.947723 0.897701 0.00275573
0.947603 0.89785 0.00274647
0.94781 0.897913 0.00274231
0.947718 0.898048 0.00273487
0.947901 0.898124 0.00272968
0.947831 0.898246 0.00272346
0.947994 0.898333 0.00271758
0.947893 0.898558 0.0027155
0.948089 0.89854 0.00270585
0.948018 0.898748 0.0027021
0.948186 0.898745 0.00269439
0.94814 0.89894 0.00268952
0.948285 0.89895 0.00268313
0.948259 0.899134 0.00267751
0.948384 0.899153 0.00267202
0.948366 0.899503 0.00266715
0.948589 0.89947 0.00265543
0.948494 0.89969 0.00265316
0.948684 0.899674 0.00264403
0.948617 0.899879 0.00264023
0.94878 0.899877 0.00263287
0.948737 0.900069 0.00262804
0.948878 0.900079 0.0026219
0.948853 0.90026 0.00261637
0.948976 0.90028 0.00261105
0.948959 0.900625 0.00260618
0.949179 0.900593 0.00259485
0.949085 0.90081 0.00259262
0.949272 0.900795 0.00258374
0.949206 0.900997 0.00258005
0.949368 0.900995 0.00257286
0.949324 0.901185 0.00256818
0.949464 0.901195 0.00256214
0.949439 0.901374 0.00255679
0.949561 0.901393 0.00255156
0.949542 0.901735 0.0025471
0.949762 0.901702 0.0025358
0.949666 0.901918 0.00253383
0.949855 0.901902 0.00252494
0.949785 0.902103 0.00252152
0.949949 0.9021 0.00251431
0.949902 0.902289 0.00250988
0.950044 0.902297 0.00250384
0.950016 0.902476 0.00249872
0.95014 0.902493 0.00249349
0.950115 0.902834 0.00248988
0.950339 0.902798 0.00247824
0.950288 0.902906 0.00247326
0.950573 0.903083 0.00246863
0.950427 0.903241 0.00245798
0.950654 0.903285 0.00245597
0.950536 0.903428 0.0024475
0.950737 0.903485 0.00244416
0.950644 0.903615 0.00243722
0.950823 0.903683 0.00243295
0.95075 0.903802 0.00242709
0.950911 0.903879 0.00242217
0.950855 0.90399 0.00241708
0.951147 0.904159 0.00241388
0.950989 0.904322 0.00240239
0.951108 0.90434 0.0023975
0.951088 0.904672 0.00239345
0.951302 0.90464 0.00238279
0.951254 0.904745 0.0023781
0.95153 0.90492 0.00237333
0.95139 0.905073 0.00236339
0.95161 0.905117 0.00236136
0.951497 0.905256 0.00235336
0.951693 0.905313 0.00235013
0.951602 0.90544 0.00234351
0.951778 0.905506 0.00233942
0.951706 0.905623 0.00233379
0.951864 0.905698 0.00232911
0.951808 0.905807 0.00232419
0.952097 0.905972 0.00232145
0.951939 0.906133 0.00231016
0.952057 0.90615 0.0023054
0.952033 0.906477 0.00230203
0.952249 0.906443 0.00229138
0.952199 0.906548 0.00228678
0.952475 0.906716 0.00228286
0.95233 0.90687 0.00227278
0.952442 0.90689 0.00226831
0.952428 0.907209 0.00226394
0.95263 0.907181 0.00225436
0.952541 0.907383 0.0022526
0.952718 0.907368 0.00224481
0.952651 0.907558 0.00224191
0.952807 0.907554 0.00223543
0.952759 0.907734 0.0022317
0.952897 0.907739 0.00222617
0.952865 0.90791 0.00222186
0.952988 0.907924 0.00221702
0.952969 0.908087 0.00221228
0.953079 0.908107 0.00220795
0.953065 0.908422 0.00220365
0.953265 0.908394 0.00219439
0.953176 0.908594 0.00219269
0.953352 0.908578 0.00218512
0.953285 0.908766 0.00218234
0.953439 0.908762 0.002176
0.953391 0.90894 0.00217243
0.953528 0.908944 0.002167
0.953495 0.909114 0.00216286
0.953617 0.909126 0.0021581
0.953598 0.909288 0.00215354
0.953707 0.909307 0.00214929
0.95369 0.909619 0.00214548
0.953891 0.90959 0.00213617
0.953845 0.909689 0.00213198
0.954108 0.909854 0.00212803
0.953972 0.91 0.00211895
0.954079 0.91002 0.00211483
0.954065 0.910328 0.00211076
0.954261 0.910301 0.00210188
0.954173 0.910496 0.00210036
0.954346 0.910481 0.00209303
0.954279 0.910666 0.00209049
0.954432 0.91066 0.00208431
0.954382 0.910836 0.00208102
0.954519 0.910838 0.00207571
0.954483 0.911006 0.00207186
0.954606 0.911016 0.00206719
0.954584 0.911177 0.00206294
0.954694 0.911193 0.00205876
0.954671 0.911502 0.00205588
0.954876 0.911469 0.00204636
0.954826 0.911568 0.00204222
0.955092 0.911725 0.00203937
0.954948 0.911874 0.00202993
0.955058 0.91189 0.00202582
0.955034 0.912196 0.00202304
0.955238 0.912163 0.00201364
0.955189 0.912262 0.00200956
0.955453 0.912417 0.00200688
0.955309 0.912565 0.0019975
0.955419 0.912581 0.00199343
0.955394 0.912886 0.00199089
0.955598 0.912852 0.0019815
0.955548 0.912951 0.00197745
0.955813 0.913103 0.00197507
0.955667 0.913251 0.00196564
0.955777 0.913266 0.00196159
0.955749 0.91357 0.00195943
0.955955 0.913535 0.00194992
0.955904 0.913633 0.00194587
0.95617 0.913783 0.00194396
0.956021 0.913932 0.00193435
0.956132 0.913946 0.00193029
0.9561 0.914249 0.00192866
0.95631 0.914211 0.0019189
0.956257 0.914311 0.00191483
0.956391 0.914383 0.00191077
0.956348 0.914477 0.00190706
0.956598 0.914632 0.00190376
0.956466 0.914772 0.00189553
0.956569 0.914789 0.00189179
0.95655 0.915083 0.00188882
0.956742 0.915053 0.00188041
0.956696 0.915148 0.00187666
0.95695 0.915298 0.00187405
0.956812 0.91544 0.00186544
0.956918 0.915456 0.00186165
0.956892 0.91575 0.00185946
0.957091 0.915717 0.00185059
0.957042 0.915813 0.00184677
0.957301 0.915958 0.00184503
0.957155 0.916104 0.00183588
0.957264 0.916117 0.00183201
0.957247 0.916265 0.00182814
0.957347 0.916283 0.00182459
0.95733 0.91657 0.00182155
0.957517 0.916542 0.00181361
0.957472 0.916635 0.00181002
0.957721 0.916783 0.00180745
0.957586 0.916922 0.00179921
0.957689 0.916937 0.00179557
0.957663 0.917227 0.00179354
0.95786 0.917193 0.00178494
0.95781 0.917288 0.00178124
0.958067 0.917429 0.00177981
0.957921 0.917574 0.00177081
0.958029 0.917586 0.00176703
0.958011 0.917732 0.00176336
0.958111 0.917749 0.00175988
0.95809 0.918033 0.00175736
0.958279 0.918003 0.00174939
0.958232 0.918095 0.00174585
0.958481 0.918237 0.00174395
0.958342 0.918378 0.00173556
0.958447 0.918391 0.00173194
0.958431 0.918535 0.00172828
0.958528 0.918552 0.00172494
0.958511 0.918831 0.00172215
0.958693 0.918804 0.00171461
0.958649 0.918894 0.0017112
0.958893 0.919037 0.00170906
0.958758 0.919174 0.00170107
0.958861 0.919187 0.00169758
0.958831 0.919471 0.00169618
0.959028 0.919435 0.00168766
0.958977 0.919529 0.00168407
0.959104 0.919596 0.00168059
0.959061 0.919685 0.00167727
0.959302 0.919827 0.0016751
0.959169 0.919962 0.00166734
0.959271 0.919976 0.00166393
0.959241 0.920256 0.00166256
0.959436 0.920221 0.00165422
0.959385 0.920314 0.0016507
0.959512 0.92038 0.0016473
0.959469 0.920468 0.00164404
0.959708 0.920608 0.00164202
0.959575 0.920742 0.00163434
0.959676 0.920756 0.00163097
0.959661 0.920895 0.00162754
0.959755 0.920912 0.0016244
0.959737 0.921183 0.00162187
0.959916 0.921156 0.00161473
0.959871 0.921244 0.0016115
0.96011 0.921381 0.0016098
0.959976 0.921515 0.00160206
0.960078 0.921528 0.0015987
0.960061 0.921666 0.00159539
0.960155 0.921682 0.00159227
0.960135 0.921952 0.00159014
0.960316 0.921923 0.00158286
0.96027 0.922011 0.00157963
0.96039 0.922078 0.0015763
0.960351 0.922163 0.00157328
0.960579 0.922302 0.00157082
0.960456 0.92243 0.00156393
0.960552 0.922445 0.00156079
0.960526 0.922715 0.00155924
0.960712 0.922682 0.00155169
0.960663 0.922771 0.00154842
0.960786 0.922836 0.00154524
0.960744 0.922921 0.00154219
0.960976 0.923056 0.00154038
0.960846 0.923187 0.00153315
0.960945 0.923199 0.00152997
0.960929 0.923335 0.0015268
0.961021 0.92335 0.00152383
0.961 0.923614 0.00152182
0.961178 0.923585 0.00151486
0.961133 0.923672 0.00151175
0.961251 0.923737 0.00150859
0.961212 0.92382 0.00150569
0.961437 0.923955 0.00150356
0.961314 0.924082 0.0014968
0.961409 0.924095 0.00149376
0.961395 0.924228 0.00149063
0.961484 0.924244 0.00148777
0.961466 0.924504 0.00148558
0.961639 0.924477 0.00147898
0.961595 0.924562 0.001476
0.961827 0.924691 0.00147485
0.961694 0.924822 0.00146748
0.961794 0.924833 0.00146433
0.961774 0.924967 0.0014614
0.961868 0.92498 0.00145845
0.96184 0.925243 0.00145732
0.962023 0.925209 0.00145004
0.961974 0.925297 0.00144692
0.962095 0.925357 0.00144404
0.962052 0.925441 0.00144112
0.962166 0.925505 0.0014381
0.962129 0.925586 0.00143535
0.962348 0.925718 0.00143328
0.962228 0.925842 0.0014269
0.962321 0.925854 0.00142401
0.962307 0.925984 0.00142103
0.962395 0.926 0.0014183
0.962375 0.926254 0.00141638
0.962546 0.926227 0.00140998
0.962502 0.92631 0.0014071
0.962617 0.926372 0.00140419
0.962578 0.926453 0.00140147
0.962797 0.926582 0.00139973
0.962675 0.926706 0.00139329
0.962769 0.926718 0.00139041
0.962753 0.926847 0.00138756
0.962842 0.926861 0.00138485
0.962819 0.927115 0.00138335
0.962992 0.927085 0.00137681
0.962946 0.927169 0.00137392
0.963062 0.927229 0.00137115
0.963021 0.92731 0.00136843
0.963243 0.927435 0.00136722
0.963116 0.92756 0.00136054
0.963212 0.92757 0.00135764
0.963193 0.9277 0.00135495
0.963283 0.927712 0.00135221
0.963269 0.927839 0.0013494
0.963355 0.927854 0.00134681
0.963335 0.928102 0.00134509
0.963502 0.928075 0.00133895
0.963459 0.928157 0.0013362
0.963572 0.928216 0.00133347
0.963533 0.928296 0.00133086
0.963749 0.92842 0.00132953
0.963626 0.928543 0.00132317
0.96372 0.928553 0.00132038
0.963701 0.92868 0.00131775
0.96379 0.928693 0.00131511
0.963776 0.928817 0.00131237
0.963861 0.928832 0.00130986
0.963841 0.929077 0.00130819
0.964006 0.92905 0.00130223
0.963963 0.929131 0.00129955
0.964075 0.929189 0.00129691
0.964036 0.929268 0.00129436
0.964251 0.92939 0.00129319
0.964128 0.929511 0.00128693
0.964221 0.929521 0.00128419
0.964202 0.929647 0.00128166
0.964291 0.929659 0.00127906
0.964276 0.929782 0.00127643
0.96436 0.929796 0.00127396
0.964338 0.930039 0.00127259
0.964504 0.93001 0.0012666
0.96446 0.930091 0.00126395
0.964572 0.930148 0.00126143
0.964531 0.930226 0.00125891
0.964639 0.930286 0.0012563
0.964603 0.930362 0.0012539
0.96481 0.930483 0.00125242
0.964694 0.930601 0.00124664
0.964784 0.930611 0.00124405
0.964767 0.930734 0.00124156
0.964852 0.930747 0.00123909
0.964839 0.930868 0.00123652
0.964921 0.930882 0.00123416
0.964901 0.93112 0.00123267
0.965062 0.931093 0.00122701
0.965019 0.931172 0.00122447
0.965129 0.931228 0.00122202
0.96509 0.931305 0.00121959
0.965195 0.931363 0.00121706
0.96516 0.931438 0.00121474
0.965364 0.931558 0.00121331
0.965249 0.931673 0.00120772
0.965338 0.931684 0.00120521
0.965321 0.931805 0.00120281
0.965406 0.931817 0.00120042
0.965392 0.931936 0.00119794
0.965473 0.93195 0.00119564
0.965452 0.932185 0.00119434
0.965613 0.932157 0.00118876
0.965569 0.932236 0.00118627
0.965678 0.93229 0.00118393
0.965638 0.932367 0.00118155
0.965744 0.932423 0.00117914
0.965707 0.932497 0.00117686
0.965911 0.932614 0.00117575
0.965794 0.93273 0.00117012
0.965884 0.932739 0.00116764
0.965864 0.932859 0.00116537
0.96595 0.93287 0.001163
0.965934 0.932988 0.00116066
0.966016 0.933001 0.00115838
0.966003 0.933117 0.00115597
0.966082 0.933132 0.00115378
0.966063 0.933361 0.00115242
0.966219 0.933335 0.00114713
0.966177 0.933411 0.00114474
0.966284 0.933466 0.00114249
0.966245 0.93354 0.0011402
0.966348 0.933596 0.00113787
0.966313 0.933669 0.00113567
0.966513 0.933783 0.00113467
0.966397 0.933897 0.0011292
0.966486 0.933905 0.00112679
0.966466 0.934024 0.00112463
0.966551 0.934034 0.00112232
0.966534 0.934151 0.00112009
0.966616 0.934163 0.00111786
0.966602 0.934278 0.00111557
0.966681 0.934291 0.00111343
0.966659 0.934518 0.00111237
0.966816 0.934491 0.00110708
0.966773 0.934567 0.00110473
0.96688 0.934619 0.0011026
0.96684 0.934693 0.00110035
0.966943 0.934747 0.00109816
0.966906 0.934819 0.00109599
0.967007 0.934874 0.00109374
0.966972 0.934945 0.00109164
0.967168 0.935058 0.00109063
0.967055 0.935169 0.00108543
0.967142 0.935177 0.00108312
0.967122 0.935294 0.00108105
0.967206 0.935304 0.00107882
0.967189 0.935418 0.0010767
0.96727 0.93543 0.00107455
0.967255 0.935543 0.00107237
0.967333 0.935555 0.0010703
0.96731 0.935778 0.00106944
0.967466 0.93575 0.00106424
0.967422 0.935826 0.00106195
0.967529 0.935876 0.00105995
0.967488 0.93595 0.00105774
0.967591 0.936001 0.00105568
0.967553 0.936073 0.00105355
0.967653 0.936126 0.00105144
0.967617 0.936197 0.00104938
0.967715 0.936251 0.00104723
0.967682 0.93632 0.00104523
0.967873 0.93643 0.00104425
0.967763 0.936539 0.0010393
0.967848 0.936547 0.00103708
0.967828 0.936661 0.00103512
0.96791 0.936671 0.00103298
0.967893 0.936783 0.00103096
0.967973 0.936794 0.00102889
0.967958 0.936905 0.00102683
0.968035 0.936917 0.00102483
0.968023 0.937026 0.00102272
0.968098 0.937039 0.00102078
0.968077 0.937256 0.00101981
0.968227 0.93723 0.00101498
0.968185 0.937303 0.00101282
0.968288 0.937352 0.00101091
0.968248 0.937424 0.00100882
0.968349 0.937475 0.00100686
0.968312 0.937545 0.00100483
0.96841 0.937596 0.00100283
0.968375 0.937666 0.00100087
0.968471 0.937718 0.000998827
0.968438 0.937786 0.000996913
0.968626 0.937893 0.000996107
0.968516 0.938 0.000991293
0.9686 0.938007 0.000989157
0.96858 0.938119 0.000987319
0.968661 0.938128 0.000985249
0.968643 0.938238 0.000983368
0.968722 0.938248 0.000981358
0.968706 0.938357 0.000979438
0.968783 0.938368 0.000977485
0.968769 0.938476 0.000975529
0.968844 0.938487 0.000973628
0.968831 0.938594 0.000971641
0.968905 0.938607 0.000969788
0.968883 0.938819 0.000968981
0.969031 0.938792 0.000964322
0.968989 0.938864 0.000962249
0.969091 0.938912 0.000960467
0.969051 0.938982 0.000958452
0.96915 0.93903 0.000956632
0.969112 0.9391 0.000954671
0.96921 0.939149 0.000952817
0.969174 0.939217 0.000950907
0.969269 0.939267 0.000949021
0.969235 0.939335 0.000947159
0.969329 0.939386 0.000945245
0.969296 0.939452 0.000943426
0.969388 0.939503 0.000941488
0.969357 0.939569 0.00093971
0.969538 0.939673 0.000938845
0.969433 0.939776 0.000934407
0.969514 0.939784 0.000932413
0.969494 0.939892 0.000930681
0.969573 0.939901 0.000928738
0.969555 0.940008 0.000926975
0.969633 0.940017 0.000925078
0.969616 0.940124 0.000923286
0.969692 0.940133 0.000921435
0.969677 0.940239 0.000919617
0.969751 0.94025 0.000917806
0.969737 0.940354 0.000915965
0.96981 0.940365 0.000914194
0.969798 0.940469 0.000912331
0.969869 0.940481 0.000910596
0.969847 0.940686 0.000909884
0.969992 0.94066 0.000905492
0.96995 0.94073 0.000903535
0.970049 0.940776 0.000901889
0.970009 0.940844 0.000899978
0.970107 0.940891 0.000898304
0.970069 0.940959 0.000896436
0.970165 0.941005 0.000894737
0.970128 0.941073 0.000892908
0.970223 0.94112 0.000891187
0.970187 0.941186 0.000889396
0.97028 0.941234 0.000887654
0.970246 0.9413 0.000885899
0.970338 0.941348 0.000884138
0.970305 0.941413 0.000882416
0.970395 0.941462 0.000880638
0.970364 0.941526 0.000878947
0.970453 0.941576 0.000877154
0.970422 0.941639 0.000875493
0.970598 0.941739 0.00087481
0.970495 0.941839 0.000870598
0.970574 0.941846 0.000868714
0.970554 0.941951 0.000867144
0.970632 0.941959 0.000865299
0.970612 0.942063 0.000863708
0.970689 0.942071 0.000861898
0.970671 0.942175 0.000860287
0.970746 0.942183 0.000858511
0.970729 0.942286 0.000856882
0.970803 0.942295 0.000855139
0.970787 0.942397 0.000853494
0.97086 0.942407 0.00085178
0.970845 0.942508 0.00085012
0.970917 0.942518 0.000848436
0.970903 0.942619 0.000846762
0.970974 0.942629 0.000845105
0.97096 0.94273 0.000843419
0.97103 0.94274 0.000841788
0.971018 0.94284 0.000840091
0.971087 0.942851 0.000838485
0.971075 0.94295 0.000836778
0.971143 0.942962 0.000835195
0.971133 0.94306 0.000833479
0.971199 0.943072 0.000831919
0.97118 0.943267 0.000831196
0.971317 0.943243 0.000827262
0.971277 0.94331 0.000825487
0.971372 0.943353 0.000823996
0.971334 0.943419 0.000822248
0.971428 0.943463 0.000820744
0.97139 0.943528 0.000819022
0.971483 0.943572 0.000817506
0.971446 0.943637 0.00081581
0.971539 0.943682 0.000814283
0.971503 0.943746 0.000812611
0.971594 0.943791 0.000811075
0.971559 0.943854 0.000809425
0.971649 0.943899 0.00080788
0.971615 0.943963 0.000806253
0.971704 0.944008 0.000804699
0.97167 0.944071 0.000803093
0.971759 0.944116 0.000801533
0.971726 0.944179 0.000799946
0.971814 0.944224 0.000798379
0.971782 0.944286 0.000796812
0.971869 0.944332 0.00079524
0.971837 0.944394 0.000793691
0.971924 0.94444 0.000792114
0.971892 0.944501 0.000790582
0.971978 0.944547 0.000789002
0.971948 0.944608 0.000787486
0.972033 0.944654 0.000785902
0.972003 0.944715 0.000784403
0.972087 0.944761 0.000782816
0.972058 0.944821 0.000781332
0.972141 0.944868 0.000779744
0.972113 0.944928 0.000778274
0.972196 0.944975 0.000776684
0.972167 0.945034 0.000775228
0.972332 0.945128 0.000774643
0.972235 0.945222 0.000770925
0.972311 0.945228 0.000769251
0.97229 0.945328 0.000767897
0.972365 0.945334 0.000766241
0.972344 0.945433 0.000764882
0.972418 0.94544 0.000763242
0.972399 0.945538 0.00076188
0.972472 0.945545 0.000760256
0.972453 0.945643 0.000758891
0.972526 0.94565 0.000757282
0.972507 0.945748 0.000755915
0.97258 0.945755 0.00075432
0.972561 0.945853 0.000752951
0.972633 0.945859 0.00075137
0.972615 0.945957 0.00075
0.972687 0.945964 0.000748432
0.972669 0.946061 0.000747061
0.97274 0.946068 0.000745506
0.972722 0.946165 0.000744135
0.972793 0.946172 0.000742592
0.972776 0.946269 0.000741222
0.972846 0.946276 0.00073969
0.972829 0.946372 0.00073832
0.972899 0.94638 0.000736799
0.972882 0.946475 0.000735431
0.972952 0.946483 0.000733921
0.972935 0.946579 0.000732554
0.973005 0.946586 0.000731053
0.972988 0.946682 0.000729689
0.973058 0.946689 0.000728198
0.973041 0.946784 0.000726836
0.97311 0.946792 0.000725354
0.973094 0.946887 0.000723995
0.973163 0.946895 0.000722521
0.973147 0.946989 0.000721166
0.973215 0.946997 0.0007197
0.973199 0.947091 0.000718349
0.973267 0.947099 0.00071689
0.973252 0.947193 0.000715544
0.97332 0.947201 0.000714092
0.973304 0.947295 0.00071275
0.973372 0.947303 0.000711304
0.973356 0.947397 0.000709968
0.973424 0.947404 0.000708528
0.973408 0.947498 0.000707198
0.973476 0.947506 0.000705764
0.97346 0.947599 0.000704439
0.973528 0.947607 0.00070301
0.973512 0.9477 0.000701692
0.973579 0.947708 0.000700268
0.973563 0.947801 0.000698956
0.973631 0.947809 0.000697536
0.973615 0.947901 0.000696231
0.973682 0.947909 0.000694816
0.973666 0.948002 0.000693518
0.973734 0.948009 0.000692106
0.973718 0.948102 0.000690816
0.973785 0.94811 0.000689408
0.973769 0.948202 0.000688126
0.973836 0.948209 0.00068672
0.97382 0.948302 0.000685447
0.973887 0.948309 0.000684044
0.973871 0.948401 0.000682779
0.973938 0.948409 0.000681378
0.973922 0.948501 0.000680122
0.973989 0.948508 0.000678722
0.973973 0.9486 0.000677476
0.97404 0.948607 0.000676078
0.974023 0.948699 0.000674841
0.974091 0.948706 0.000673444
0.974074 0.948798 0.000672217
0.974142 0.948805 0.000670821
0.974124 0.948897 0.000669605
0.974192 0.948903 0.000668208
0.974174 0.948995 0.000667003
0.974243 0.949002 0.000665606
0.974225 0.949093 0.000664412
0.974293 0.9491 0.000663014
0.974275 0.949192 0.000661832
0.974343 0.949198 0.000660433
0.974325 0.949289 0.000659263
0.974393 0.949295 0.000657862
0.974374 0.949387 0.000656705
0.974443 0.949393 0.000655302
0.974424 0.949485 0.000654158
0.974493 0.94949 0.000652752
0.974474 0.949582 0.000651621
0.974543 0.949587 0.000650212
0.974523 0.949679 0.000649096
0.974593 0.949684 0.000647683
0.974573 0.949776 0.000646581
0.974643 0.949781 0.000645163
0.974622 0.949873 0.000644076
0.974692 0.949878 0.000642654
0.974671 0.94997 0.000641583
0.974742 0.949974 0.000640156
0.97472 0.950066 0.0006391
0.974791 0.95007 0.000637667
0.974769 0.950162 0.000636628
0.97484 0.950166 0.000635188
0.974818 0.950258 0.000634166
0.97489 0.950262 0.00063272
0.974866 0.950354 0.000631716
0.974939 0.950357 0.000630261
0.974915 0.95045 0.000629276
0.974988 0.950453 0.000627813
0.974963 0.950546 0.000626846
0.975037 0.950548 0.000625374
0.975012 0.950641 0.000624427
0.975086 0.950643 0.000622946
0.97506 0.950736 0.000622019
0.975134 0.950738 0.000620527
0.975108 0.950831 0.000619622
0.975183 0.950832 0.000618118
0.975156 0.950926 0.000617235
0.975232 0.950927 0.00061572
0.975204 0.951021 0.000614859
0.97528 0.951021 0.00061333
0.975251 0.951115 0.000612494
0.975329 0.951115 0.000610951
0.975299 0.951209 0.000610139
0.975377 0.951209 0.000608582
0.975347 0.951303 0.000607796
0.975425 0.951303 0.000606222
0.975394 0.951397 0.000605463
0.975473 0.951396 0.000603872
0.975441 0.951491 0.00060314
0.975521 0.951489 0.000601532
0.975488 0.951585 0.000600829
0.975569 0.951582 0.000599202
0.975535 0.951678 0.000598529
0.975617 0.951675 0.000596881
0.975582 0.951771 0.000596239
0.975665 0.951768 0.00059457
0.975629 0.951864 0.000593961
0.975713 0.951861 0.000592268
0.975676 0.951957 0.000591693
0.97576 0.951953 0.000589976
0.975722 0.95205 0.000589437
0.975808 0.952045 0.000587694
0.975769 0.952143 0.000587192
0.975855 0.952137 0.000585422
0.975815 0.952235 0.000584959
0.975903 0.952229 0.000583159
0.975861 0.952327 0.000582736
0.97595 0.95232 0.000580906
0.975907 0.952419 0.000580526
0.975997 0.952412 0.000578662
0.975975 0.952461 0.000577628
0.976114 0.952544 0.000577003
0.976034 0.952624 0.000574424
0.976098 0.952629 0.00057321
0.976079 0.952715 0.000572217
0.976144 0.95272 0.00057099
0.976125 0.952806 0.00057002
0.976191 0.952811 0.000568778
0.976171 0.952897 0.000567834
0.976238 0.952901 0.000566576
0.976217 0.952988 0.000565657
0.976284 0.952991 0.000564383
0.976262 0.953079 0.000563491
0.976331 0.953082 0.000562198
0.976308 0.953169 0.000561335
0.976377 0.953171 0.000560023
0.976353 0.95326 0.00055919
0.976423 0.953261 0.000557857
0.976398 0.95335 0.000557055
0.97647 0.953351 0.000555701
0.976443 0.95344 0.00055493
0.976516 0.95344 0.000553553
0.976488 0.95353 0.000552816
0.976562 0.953529 0.000551414
0.976533 0.953619 0.000550713
0.976608 0.953618 0.000549284
0.976577 0.953709 0.000548621
0.976654 0.953707 0.000547164
0.976622 0.953798 0.000546539
0.9767 0.953796 0.000545052
0.976666 0.953887 0.000544469
0.976745 0.953884 0.00054295
0.976711 0.953976 0.00054241
0.976791 0.953972 0.000540857
0.976755 0.954065 0.000540362
0.976837 0.954061 0.000538773
0.976799 0.954154 0.000538326
0.976882 0.954148 0.000536698
0.976843 0.954243 0.000536302
0.976928 0.954236 0.000534632
0.976907 0.954284 0.000533688
0.977039 0.954364 0.000533059
0.976963 0.954439 0.000530726
0.977024 0.954445 0.000529614
0.977007 0.954527 0.000528697
0.977069 0.954532 0.000527567
0.977051 0.954615 0.000526679
0.977114 0.954619 0.000525529
0.977095 0.954702 0.000524671
0.977159 0.954706 0.0005235
0.977138 0.95479 0.000522673
0.977204 0.954793 0.000521479
0.977182 0.954877 0.000520685
0.977249 0.954879 0.000519467
0.977225 0.954964 0.000518708
0.977293 0.954966 0.000517463
0.977268 0.955051 0.000516741
0.977338 0.955052 0.000515468
0.977311 0.955138 0.000514785
0.977383 0.955138 0.000513482
0.977354 0.955225 0.00051284
0.977427 0.955223 0.000511504
0.977397 0.955311 0.000510906
0.977471 0.955309 0.000509535
0.97744 0.955397 0.000508983
0.977516 0.955394 0.000507575
0.977482 0.955483 0.000507072
0.97756 0.95548 0.000505624
0.977524 0.95557 0.000505173
0.977604 0.955565 0.000503681
0.977567 0.955655 0.000503285
0.977648 0.95565 0.000501747
0.977609 0.955741 0.00050141
0.977692 0.955734 0.000499823
0.977672 0.955781 0.000498932
0.977801 0.955857 0.00049845
0.977725 0.955931 0.000496194
0.977786 0.955936 0.000495134
0.977767 0.956016 0.000494309
0.977829 0.95602 0.000493225
0.977809 0.956101 0.000492433
0.977873 0.956104 0.000491324
0.977851 0.956186 0.000490568
0.977916 0.956188 0.000489432
0.977893 0.956271 0.000488713
0.977959 0.956272 0.000487548
0.977935 0.956355 0.000486869
0.978003 0.956355 0.000485672
0.977976 0.956439 0.000485036
0.978046 0.956439 0.000483805
0.978018 0.956523 0.000483214
0.978089 0.956522 0.000481946
0.978059 0.956607 0.000481404
0.978132 0.956605 0.000480095
0.9781 0.956691 0.000479605
0.978175 0.956688 0.000478253
0.978141 0.956775 0.000477819
0.978219 0.956771 0.00047642
0.978182 0.956859 0.000476044
0.978261 0.956853 0.000474595
0.978223 0.956942 0.000474283
0.978304 0.956935 0.000472779
0.978284 0.95698 0.000471935
0.97841 0.957054 0.00047152
0.978336 0.957127 0.000469361
0.978395 0.957131 0.000468349
0.978377 0.95721 0.000467585
0.978438 0.957213 0.000466547
0.978417 0.957292 0.00046582
0.97848 0.957295 0.000464753
0.978458 0.957375 0.000464065
0.978522 0.957376 0.000462966
0.978498 0.957457 0.000462321
0.978564 0.957458 0.000461188
0.978539 0.957539 0.000460588
0.978607 0.957539 0.000459418
0.978579 0.957621 0.000458866
0.978649 0.95762 0.000457657
0.978619 0.957703 0.000457156
0.978691 0.957701 0.000455903
0.978659 0.957785 0.000455459
0.978733 0.957781 0.000454158
0.978699 0.957867 0.000453774
0.978775 0.957862 0.000452421
0.978738 0.957948 0.000452102
0.978817 0.957942 0.000450693
0.978797 0.957986 0.000449895
0.97892 0.958059 0.000449471
0.978848 0.958129 0.000447439
0.978905 0.958133 0.000446479
0.978887 0.95821 0.000445751
0.978947 0.958213 0.000444764
0.978927 0.958291 0.000444073
0.978988 0.958293 0.000443056
0.978967 0.958371 0.000442407
0.97903 0.958373 0.000441356
0.979006 0.958452 0.000440751
0.979071 0.958452 0.000439664
0.979045 0.958532 0.000439107
0.979112 0.958531 0.000437979
0.979084 0.958612 0.000437474
0.979153 0.95861 0.000436303
0.979123 0.958692 0.000435854
0.979194 0.958689 0.000434635
0.979162 0.958772 0.000434247
0.979236 0.958768 0.000432976
0.9792 0.958852 0.000432653
0.979277 0.958846 0.000431324
0.979258 0.958889 0.000430565
0.979377 0.95896 0.000430138
0.979307 0.959029 0.000428213
0.979363 0.959033 0.000427299
0.979346 0.959108 0.000426602
0.979404 0.959111 0.000425659
0.979385 0.959187 0.000425002
0.979445 0.959189 0.000424027
0.979423 0.959266 0.000423412
0.979485 0.959267 0.000422403
0.979461 0.959344 0.000421834
0.979525 0.959344 0.000420786
0.9795 0.959423 0.000420268
0.979566 0.959422 0.000419177
0.979538 0.959501 0.000418713
0.979606 0.959499 0.000417575
0.979576 0.95958 0.000417172
0.979646 0.959576 0.000415982
0.979613 0.959658 0.000415643
0.979687 0.959653 0.000414398
0.979651 0.959736 0.000414129
0.979727 0.95973 0.000412821
0.979708 0.959772 0.000412084
0.979767 0.959806 0.000411253
0.979746 0.959849 0.000410499
0.979807 0.959883 0.000409694
0.979785 0.959926 0.000408922
0.979847 0.959959 0.000408144
0.979823 0.960003 0.000407351
0.979888 0.960035 0.000406604
0.979862 0.96008 0.000405787
0.979928 0.960111 0.000405073
0.9799 0.960157 0.000404231
0.979968 0.960186 0.000403552
0.979938 0.960233 0.000402682
0.980008 0.960262 0.000402041
0.979976 0.96031 0.000401139
0.980048 0.960337 0.000400541
0.980014 0.960386 0.000399605
0.980088 0.960412 0.000399053
0.980052 0.960462 0.000398077
0.980128 0.960487 0.000397576
0.98009 0.960538 0.000396558
0.980168 0.960562 0.000396112
0.980127 0.960614 0.000395046
0.980208 0.960636 0.000394661
0.980165 0.96069 0.000393542
0.980248 0.960711 0.000393224
0.980202 0.960766 0.000392046
0.980245 0.960775 0.000391362
0.980234 0.960907 0.000390951
0.980326 0.960892 0.000389226
0.980297 0.960938 0.0003884
0.980365 0.960966 0.000387771
0.980335 0.961013 0.000386914
0.980404 0.96104 0.000386327
0.980372 0.961088 0.000385434
0.980444 0.961114 0.000384893
0.980409 0.961162 0.000383963
0.980483 0.961187 0.000383472
0.980446 0.961237 0.000382498
0.980522 0.96126 0.000382063
0.980483 0.961312 0.000381042
0.980562 0.961333 0.000380667
0.98052 0.961386 0.000379593
0.980601 0.961406 0.000379286
0.980556 0.96146 0.000378152
0.980599 0.96147 0.000377492
0.980587 0.961599 0.000377108
0.980677 0.961584 0.000375438
0.98065 0.961629 0.000374638
0.980716 0.961657 0.000374038
0.980686 0.961703 0.000373206
0.980755 0.961729 0.000372648
0.980723 0.961776 0.000371781
0.980794 0.961802 0.000371271
0.980759 0.96185 0.000370363
0.980832 0.961874 0.000369905
0.980795 0.961923 0.000368953
0.980871 0.961946 0.000368553
0.980831 0.961997 0.00036755
0.98091 0.962018 0.000367214
0.980867 0.96207 0.000366155
0.980949 0.962089 0.00036589
0.980903 0.962143 0.000364768
0.980945 0.962152 0.000364124
0.980932 0.96228 0.000363836
0.981023 0.962264 0.000362165
0.980995 0.962308 0.000361376
0.981062 0.962335 0.00036082
0.981031 0.962381 0.000359997
0.9811 0.962406 0.000359487
0.981066 0.962453 0.000358625
0.981138 0.962477 0.000358165
0.981102 0.962525 0.00035726
0.981176 0.962548 0.000356857
0.981138 0.962597 0.000355903
0.981214 0.962618 0.000355562
0.981173 0.962669 0.000354553
0.981253 0.962689 0.000354282
0.981208 0.962741 0.000353211
0.98125 0.96275 0.000352591
0.981237 0.962876 0.000352289
0.981326 0.96286 0.00035069
0.981298 0.962904 0.000349931
0.981364 0.962931 0.00034939
0.981334 0.962976 0.000348597
0.981401 0.963 0.000348102
0.981369 0.963047 0.00034727
0.981439 0.96307 0.000346825
0.981404 0.963118 0.000345949
0.981477 0.96314 0.000345562
0.981439 0.963189 0.000344636
0.981514 0.963209 0.000344312
0.981473 0.96326 0.000343331
0.981552 0.963278 0.000343077
0.981508 0.96333 0.000342033
0.981549 0.963339 0.000341431
0.981536 0.963463 0.000341169
0.981624 0.963447 0.000339599
0.981596 0.963491 0.000338858
0.981661 0.963516 0.000338344
0.981631 0.963561 0.000337568
0.981698 0.963585 0.000337101
0.981666 0.963631 0.000336284
0.981735 0.963654 0.00033587
0.9817 0.963701 0.000335007
0.981773 0.963722 0.000334652
0.981734 0.963771 0.000333738
0.98181 0.96379 0.000333449
0.981768 0.96384 0.000332476
0.981847 0.963858 0.000332261
0.981802 0.96391 0.000331222
0.981843 0.963918 0.000330631
0.981836 0.963979 0.000329976
0.981879 0.963987 0.000329366
0.98187 0.964049 0.000328739
0.981914 0.964055 0.000328107
0.981903 0.964118 0.000327511
0.98195 0.964123 0.000326855
0.981937 0.964187 0.000326293
0.981986 0.964191 0.000325608
0.98197 0.964257 0.000325085
0.982021 0.964259 0.000324368
0.982003 0.964326 0.000323889
0.982057 0.964327 0.000323135
0.982036 0.964395 0.000322704
0.982092 0.964395 0.000321908
0.982069 0.964464 0.000321532
0.982128 0.964462 0.000320688
0.982101 0.964532 0.000320374
0.982163 0.964529 0.000319476
0.982134 0.964601 0.000319231
0.982198 0.964597 0.000318271
0.982182 0.964633 0.000317713
0.982286 0.964694 0.000317466
0.982224 0.964754 0.000316013
0.982273 0.964757 0.000315323
0.982256 0.964822 0.00031485
0.982308 0.964823 0.000314124
0.982288 0.96489 0.000313699
0.982343 0.96489 0.000312933
0.982321 0.964958 0.000312561
0.982378 0.964957 0.000311748
0.982353 0.965026 0.000311437
0.982413 0.965023 0.00031057
0.982384 0.965093 0.000310328
0.982448 0.965089 0.0003094
0.982432 0.965125 0.000308858
0.982534 0.965185 0.000308616
0.982473 0.965244 0.000307206
0.982522 0.965247 0.000306536
0.982505 0.965311 0.000306078
0.982557 0.965313 0.000305372
0.982537 0.965378 0.000304962
0.982591 0.965378 0.000304214
0.982569 0.965445 0.000303858
0.982626 0.965444 0.000303064
0.9826 0.965512 0.000302769
0.98266 0.965509 0.00030192
0.982631 0.965579 0.000301695
0.982695 0.965574 0.000300784
0.982678 0.96561 0.000300255
0.982729 0.965639 0.000299656
0.982711 0.965676 0.000299109
0.982764 0.965704 0.000298536
0.982744 0.965742 0.000297968
0.982798 0.965769 0.000297425
0.982776 0.965808 0.000296833
0.982833 0.965833 0.000296324
0.982808 0.965873 0.000295703
0.982868 0.965898 0.000295234
0.982841 0.965939 0.00029458
0.982902 0.965962 0.000294154
0.982873 0.966004 0.000293463
0.982937 0.966026 0.000293087
0.982905 0.966069 0.000292353
0.982972 0.96609 0.000292034
0.982937 0.966135 0.000291249
0.983007 0.966153 0.000290995
0.982968 0.9662 0.000290153
0.983005 0.966208 0.000289652
0.982995 0.966322 0.000289373
0.983074 0.966308 0.000288094
0.983049 0.966348 0.000287476
0.983109 0.966371 0.000287038
0.983081 0.966412 0.000286385
0.983143 0.966435 0.000285994
0.983112 0.966477 0.000285301
0.983177 0.966498 0.000284963
0.983144 0.966541 0.000284224
0.983212 0.96656 0.000283946
0.983175 0.966606 0.000283153
0.983246 0.966623 0.000282945
0.983206 0.96667 0.00028209
0.983244 0.966678 0.000281594
0.983237 0.966734 0.000281035
0.983276 0.966741 0.00028052
0.983268 0.966798 0.000279988
0.983309 0.966804 0.000279452
0.983299 0.966862 0.00027895
0.983342 0.966867 0.000278389
0.983329 0.966926 0.000277922
0.983375 0.966929 0.000277332
0.98336 0.96699 0.000276905
0.983408 0.966992 0.000276281
0.98339 0.967054 0.000275899
0.983441 0.967054 0.000275236
0.98342 0.967118 0.000274906
0.983474 0.967117 0.000274197
0.983449 0.967181 0.000273927
0.983506 0.967179 0.000273165
0.983479 0.967245 0.000272964
0.983539 0.967241 0.000272141
0.983524 0.967275 0.000271662
0.983572 0.967302 0.000271124
0.983555 0.967337 0.000270627
0.983605 0.967364 0.000270116
0.983586 0.9674 0.000269597
0.983638 0.967425 0.000269117
0.983616 0.967463 0.000268573
0.983671 0.967487 0.000268128
0.983647 0.967525 0.000267554
0.983704 0.967548 0.000267149
0.983677 0.967587 0.000266541
0.983738 0.967609 0.000266182
0.983708 0.96765 0.000265534
0.983771 0.967669 0.000265229
0.983738 0.967712 0.000264534
0.983804 0.96773 0.00026429
0.983768 0.967774 0.00026354
0.983838 0.96779 0.000263367
0.983798 0.967836 0.000262554
0.983835 0.967843 0.000262087
0.983828 0.967898 0.000261576
0.983866 0.967904 0.00026109
0.983857 0.96796 0.000260606
0.983898 0.967965 0.000260097
0.983887 0.968021 0.000259646
0.98393 0.968025 0.00025911
0.983916 0.968083 0.000258696
0.983962 0.968086 0.000258129
0.983945 0.968145 0.000257756
0.983993 0.968146 0.000257153
0.983974 0.968207 0.000256829
0.984025 0.968206 0.000256184
0.984003 0.968268 0.000255916
0.984057 0.968266 0.000255221
0.984031 0.96833 0.000255018
0.984089 0.968326 0.000254265
0.984074 0.968359 0.000253822
0.984121 0.968386 0.000253317
0.984104 0.968419 0.000252856
0.984152 0.968445 0.000252377
0.984134 0.96848 0.000251895
0.984184 0.968504 0.000251446
0.984163 0.96854 0.000250939
0.984216 0.968563 0.000250524
0.984193 0.9686 0.000249989
0.984248 0.968622 0.000249614
0.984222 0.968661 0.000249044
0.984281 0.968681 0.000248715
0.984252 0.968721 0.000248105
0.984313 0.96874 0.00024783
0.984281 0.968781 0.000247173
0.984345 0.968798 0.000246959
0.98431 0.968841 0.000246247
0.984344 0.968849 0.000245822
0.984333 0.968953 0.000245619
0.984408 0.96894 0.000244514
0.984384 0.968977 0.000243983
0.984439 0.968999 0.000243629
0.984413 0.969037 0.000243062
0.984471 0.969057 0.000242756
0.984442 0.969096 0.000242147
0.984503 0.969114 0.000241896
0.98447 0.969156 0.000241238
0.984535 0.969172 0.000241052
0.984499 0.969215 0.000240337
0.984533 0.969222 0.000239916
0.984527 0.969274 0.000239443
0.984564 0.969281 0.000239004
0.984556 0.969334 0.000238557
0.984594 0.969339 0.000238097
0.984584 0.969393 0.00023768
0.984624 0.969397 0.000237195
0.984611 0.969452 0.000236812
0.984655 0.969454 0.000236298
0.984639 0.969511 0.000235956
0.984685 0.969512 0.000235407
0.984667 0.96957 0.000235112
0.984715 0.969569 0.000234522
0.984694 0.969629 0.000234282
0.984746 0.969627 0.000233643
0.984721 0.969688 0.000233467
0.984776 0.969684 0.000232771
0.984762 0.969715 0.000232362
0.984807 0.969741 0.000231906
0.984791 0.969773 0.00023148
0.984838 0.969798 0.00023105
0.984819 0.969831 0.000230602
0.984868 0.969854 0.000230202
0.984847 0.969889 0.000229729
0.984899 0.969911 0.000229365
0.984875 0.969947 0.000228861
0.98493 0.969967 0.000228538
0.984903 0.970005 0.000227999
0.984961 0.970023 0.000227724
0.984931 0.970062 0.000227143
0.984992 0.970079 0.000226925
0.984959 0.97012 0.000226293
0.985023 0.970135 0.000226141
0.984986 0.970177 0.00022545
0.98502 0.970184 0.00022505
0.985014 0.970235 0.000224615
0.98505 0.97024 0.000224196
0.985041 0.970292 0.000223788
0.985079 0.970296 0.000223347
0.985068 0.970349 0.00022297
0.985109 0.970352 0.000222503
0.985095 0.970407 0.000222163
0.985138 0.970408 0.000221664
0.985122 0.970464 0.000221367
0.985168 0.970464 0.00022083
0.985148 0.970521 0.000220584
0.985197 0.97052 0.000220003
0.985174 0.970578 0.000219816
0.985227 0.970575 0.000219182
0.985213 0.970605 0.000218803
0.985256 0.97063 0.000218368
0.985241 0.970662 0.000217972
0.985286 0.970686 0.000217562
0.985269 0.970718 0.000217146
0.985316 0.970741 0.000216764
0.985296 0.970774 0.000216325
0.985346 0.970795 0.000215977
0.985323 0.97083 0.000215509
0.985376 0.97085 0.0002152
0.98535 0.970886 0.000214698
0.985406 0.970904 0.000214435
0.985377 0.970942 0.000213892
0.985436 0.970959 0.000213684
0.985404 0.970998 0.000213093
0.985466 0.971013 0.00021295
0.985431 0.971054 0.000212301
0.985464 0.97106 0.000211925
0.985457 0.971109 0.000211516
0.985492 0.971115 0.000211121
0.985484 0.971165 0.00021074
0.985521 0.971169 0.000210323
0.98551 0.971221 0.000209972
0.98555 0.971223 0.000209529
0.985536 0.971276 0.000209215
0.985578 0.971278 0.00020874
0.985562 0.971332 0.000208469
0.985607 0.971332 0.000207957
0.985587 0.971387 0.000207737
0.985636 0.971386 0.000207179
0.985612 0.971443 0.00020702
0.985664 0.971439 0.000206408
0.985651 0.971469 0.000206048
0.985693 0.971493 0.000205645
0.985678 0.971524 0.000205267
0.985722 0.971546 0.000204889
0.985704 0.971578 0.00020449
0.985751 0.9716 0.000204142
0.985731 0.971633 0.000203718
0.98578 0.971653 0.000203405
0.985757 0.971687 0.000202951
0.985809 0.971706 0.000202679
0.985783 0.971741 0.00020219
0.985838 0.971758 0.000201967
0.985809 0.971796 0.000201434
0.985868 0.971811 0.000201269
0.985835 0.97185 0.000200684
0.985866 0.971857 0.000200336
0.985861 0.971904 0.000199942
0.985894 0.97191 0.000199577
0.985887 0.971958 0.000199207
0.985922 0.971963 0.000198822
0.985912 0.972012 0.000198481
0.98595 0.972016 0.000198072
0.985937 0.972066 0.000197764
0.985978 0.972068 0.000197326
0.985962 0.97212 0.000197059
0.986005 0.972121 0.000196586
0.985987 0.972175 0.000196366
0.986033 0.972173 0.000195852
0.986011 0.972229 0.000195688
0.986061 0.972225 0.000195123
0.986049 0.972254 0.000194786
0.986089 0.972278 0.000194402
0.986074 0.972307 0.000194048
0.986117 0.972329 0.000193688
0.9861 0.97236 0.000193314
0.986146 0.972381 0.000192983
0.986126 0.972413 0.000192585
0.986174 0.972433 0.000192287
0.986152 0.972466 0.000191861
0.986202 0.972484 0.000191603
0.986177 0.972519 0.000191142
0.986231 0.972535 0.000190931
0.986202 0.972572 0.000190428
0.986259 0.972586 0.000190274
0.986228 0.972624 0.000189721
0.986258 0.972631 0.000189391
0.986253 0.972677 0.00018902
0.986285 0.972682 0.000188674
0.986277 0.97273 0.000188327
0.986312 0.972734 0.000187962
0.986302 0.972782 0.000187643
0.986339 0.972785 0.000187253
0.986326 0.972835 0.000186969
0.986366 0.972836 0.00018655
0.986351 0.972888 0.000186305
0.986393 0.972888 0.000185851
0.986375 0.97294 0.000185655
0.98642 0.972938 0.000185158
0.986398 0.972993 0.00018502
0.986448 0.972989 0.000184472
0.986435 0.973017 0.000184149
0.986475 0.97304 0.000183792
0.98646 0.973069 0.000183452
0.986502 0.97309 0.00018312
0.986485 0.97312 0.00018276
0.98653 0.973141 0.000182457
0.98651 0.973172 0.000182072
0.986557 0.973191 0.000181804
0.986535 0.973223 0.000181389
0.986585 0.97324 0.000181163
0.986559 0.973275 0.000180711
0.986613 0.97329 0.000180535
0.986584 0.973326 0.000180039
0.986641 0.97334 0.000179922
0.986608 0.973377 0.000179373
0.986639 0.973383 0.000179053
0.986632 0.973429 0.000178714
0.986665 0.973433 0.000178377
0.986656 0.97348 0.000178063
0.986691 0.973483 0.000177705
0.98668 0.973531 0.000177421
0.986718 0.973533 0.000177037
0.986704 0.973582 0.00017679
0.986744 0.973583 0.000176374
0.986727 0.973634 0.00017617
0.986771 0.973633 0.000175716
0.98675 0.973685 0.000175565
0.986797 0.973682 0.000175064
0.986785 0.973709 0.000174762
0.986824 0.973731 0.000174419
0.98681 0.973759 0.000174102
0.98685 0.97378 0.000173781
0.986834 0.97381 0.000173445
0.986877 0.973829 0.000173151
0.986858 0.97386 0.000172792
0.986904 0.973878 0.000172531
0.986882 0.97391 0.000172144
0.986931 0.973927 0.000171922
0.986906 0.97396 0.000171501
0.986958 0.973975 0.000171326
0.98693 0.97401 0.000170863
0.986985 0.974023 0.000170745
0.986954 0.97406 0.000170231
0.986983 0.974066 0.000169931
0.986978 0.97411 0.000169607
0.987009 0.974114 0.000169289
0.987001 0.97416 0.00016899
0.987035 0.974163 0.000168651
0.987024 0.97421 0.000168381
0.98706 0.974212 0.000168018
0.987047 0.97426 0.000167783
0.987086 0.97426 0.000167389
0.98707 0.974309 0.000167197
0.987112 0.974308 0.000166766
0.987092 0.974359 0.000166625
0.987138 0.974357 0.000166148
0.987126 0.974383 0.000165861
0.987164 0.974405 0.000165537
0.98715 0.974432 0.000165235
0.98719 0.974452 0.000164933
0.987174 0.974481 0.000164612
0.987216 0.9745 0.000164337
0.987197 0.97453 0.000163993
0.987242 0.974548 0.000163751
0.987221 0.974579 0.000163379
0.987268 0.974595 0.000163176
0.987244 0.974627 0.00016277
0.987295 0.974642 0.000162614
0.987267 0.974676 0.000162166
0.987294 0.974682 0.000161891
0.987286 0.974767 0.000161759
0.987346 0.974757 0.00016104
0.987327 0.974787 0.000160689
0.987373 0.974804 0.000160471
0.98735 0.974835 0.000160089
0.987399 0.97485 0.000159913
0.987373 0.974883 0.000159493
0.987425 0.974897 0.00015937
0.987396 0.974932 0.000158904
0.987424 0.974937 0.000158627
0.987418 0.97498 0.000158321
0.987448 0.974985 0.000158028
0.987441 0.975028 0.000157745
0.987473 0.975032 0.000157433
0.987463 0.975076 0.000157178
0.987498 0.975079 0.000156843
0.987485 0.975125 0.000156621
0.987523 0.975125 0.000156257
0.987507 0.975173 0.000156075
0.987548 0.975172 0.000155675
0.987529 0.975221 0.000155543
0.987573 0.975219 0.000155099
0.987561 0.975244 0.000154832
0.987598 0.975265 0.00015453
0.987584 0.975291 0.000154248
0.987623 0.975311 0.000153967
0.987607 0.975339 0.000153667
0.987648 0.975357 0.000153413
0.98763 0.975386 0.000153091
0.987674 0.975403 0.000152868
0.987653 0.975433 0.000152518
0.987699 0.975448 0.000152335
0.987675 0.97548 0.000151951
0.987725 0.975494 0.000151814
0.987697 0.975527 0.000151388
0.987724 0.975533 0.000151129
0.98772 0.975574 0.000150832
0.987748 0.975579 0.000150559
0.987742 0.975621 0.000150283
0.987772 0.975625 0.000149993
0.987763 0.975668 0.000149742
0.987797 0.975671 0.00014943
0.987785 0.975716 0.00014921
0.987821 0.975717 0.000148871
0.987806 0.975763 0.000148688
0.987845 0.975762 0.000148317
0.987827 0.97581 0.00014818
0.98787 0.975807 0.000147768
0.987859 0.975832 0.000147517
0.987894 0.975853 0.000147226
0.987881 0.975878 0.00014696
0.987919 0.975898 0.000146689
0.987904 0.975924 0.000146407
0.987943 0.975943 0.000146161
0.987926 0.975971 0.000145858
0.987968 0.975987 0.000145642
0.987948 0.976017 0.000145313
0.987993 0.976032 0.000145134
0.98797 0.976063 0.000144772
0.988018 0.976076 0.000144638
0.987992 0.976109 0.000144237
0.988018 0.976114 0.000143991
0.988013 0.976155 0.000143707
0.988041 0.976159 0.000143448
0.988035 0.9762 0.000143185
0.988065 0.976204 0.000142909
0.988056 0.976246 0.000142669
0.988088 0.976249 0.000142373
0.988077 0.976292 0.000142163
0.988112 0.976293 0.000141841
0.988098 0.976338 0.000141668
0.988136 0.976338 0.000141314
0.988118 0.976384 0.000141185
0.98816 0.976382 0.000140792
0.988149 0.976406 0.000140551
0.988183 0.976426 0.000140275
0.988171 0.976451 0.000140022
0.988207 0.97647 0.000139766
0.988193 0.976496 0.000139495
0.988231 0.976514 0.000139264
0.988214 0.976541 0.000138973
0.988256 0.976558 0.000138771
0.988236 0.976586 0.000138454
0.98828 0.976601 0.000138289
0.988257 0.976631 0.00013794
0.988305 0.976644 0.00013782
0.988278 0.976676 0.000137431
0.988304 0.976682 0.000137195
0.988299 0.976721 0.000136928
0.988327 0.976726 0.000136678
0.98832 0.976766 0.000136431
0.98835 0.976769 0.000136165
0.988341 0.976811 0.000135943
0.988373 0.976813 0.000135655
0.988361 0.976856 0.000135463
0.988396 0.976856 0.000135149
0.988381 0.9769 0.000134995
0.988419 0.9769 0.000134648
0.988401 0.976945 0.000134539
0.988443 0.976943 0.000134152
0.988432 0.976967 0.000133919
0.988466 0.976986 0.000133662
0.988453 0.977011 0.000133415
0.98849 0.977029 0.000133179
0.988474 0.977055 0.000132915
0.988513 0.977071 0.000132704
0.988495 0.977098 0.000132418
0.988537 0.977114 0.000132238
0.988516 0.977142 0.000131925
0.988561 0.977156 0.000131784
0.988537 0.977186 0.000131437
0.988585 0.977198 0.000131343
0.988558 0.97723 0.000130954
0.988583 0.977235 0.000130723
0.988578 0.977274 0.000130477
0.988606 0.977278 0.000130232
0.988598 0.977318 0.000130007
0.988628 0.977321 0.000129744
0.988618 0.977362 0.000129545
0.988651 0.977363 0.000129259
0.988638 0.977405 0.000129093
0.988674 0.977405 0.000128779
0.988658 0.977449 0.000128653
0.988696 0.977448 0.000128304
0.988687 0.97747 0.000128087
0.988752 0.977509 0.000127992
0.988712 0.977547 0.000127419
0.988744 0.977548 0.000127139
0.988732 0.97759 0.000126975
0.988767 0.97759 0.000126667
0.988751 0.977634 0.000126542
0.988789 0.977632 0.000126199
0.98878 0.977655 0.000125987
0.988844 0.977693 0.000125891
0.988805 0.977731 0.00012533
0.988837 0.977732 0.000125055
0.988824 0.977774 0.000124893
0.988859 0.977774 0.00012459
0.988844 0.977817 0.000124467
0.988882 0.977815 0.000124131
0.988872 0.977838 0.000123921
0.988936 0.977876 0.000123828
0.988897 0.977913 0.000123276
0.988929 0.977914 0.000123005
0.988916 0.977956 0.000122846
0.988951 0.977956 0.000122548
0.988935 0.977999 0.000122428
0.988973 0.977997 0.000122096
0.988964 0.978019 0.00012189
0.989027 0.978057 0.000121802
0.988988 0.978094 0.000121256
0.98902 0.978095 0.000120989
0.989008 0.978136 0.000120835
0.989042 0.978136 0.000120541
0.989026 0.978179 0.000120424
0.989064 0.978177 0.000120096
0.989054 0.978199 0.000119893
0.989086 0.978218 0.000119657
0.989075 0.978241 0.000119442
0.989108 0.978258 0.000119224
0.989095 0.978282 0.000118994
0.989131 0.978298 0.000118798
0.989115 0.978324 0.000118549
0.989153 0.978339 0.000118381
0.989134 0.978365 0.000118108
0.989176 0.978379 0.000117974
0.989154 0.978407 0.000117672
0.989199 0.978419 0.000117579
0.989173 0.978448 0.00011724
0.989198 0.978453 0.000117036
0.989193 0.97849 0.000116813
0.989219 0.978494 0.000116596
0.989212 0.978531 0.000116393
0.98924 0.978534 0.00011616
0.989231 0.978573 0.000115981
0.989262 0.978574 0.000115727
0.989249 0.978614 0.000115578
0.989283 0.978614 0.000115298
0.989268 0.978656 0.000115187
0.989305 0.978654 0.000114873
0.989295 0.978676 0.000114679
0.989326 0.978694 0.000114453
0.989315 0.978717 0.000114248
0.989348 0.978734 0.00011404
0.989334 0.978757 0.000113819
0.98937 0.978773 0.000113634
0.989354 0.978798 0.000113394
0.989392 0.978812 0.000113236
0.989373 0.978838 0.000112973
0.989414 0.978851 0.000112848
0.989392 0.978879 0.000112556
0.989436 0.97889 0.000112472
0.989411 0.97892 0.000112143
0.989435 0.978924 0.000111947
0.98943 0.97896 0.000111737
0.989456 0.978964 0.000111527
0.989449 0.979001 0.000111336
0.989477 0.979003 0.00011111
0.989467 0.979041 0.000110944
0.989498 0.979043 0.000110697
0.989485 0.979082 0.00011056
0.989519 0.979082 0.000110287
0.989503 0.979123 0.000110188
0.98954 0.979121 0.000109882
0.98953 0.979142 0.000109694
0.989561 0.97916 0.000109481
0.98955 0.979182 0.000109282
0.989582 0.979198 0.000109087
0.989569 0.979222 0.000108873
0.989604 0.979237 0.000108701
0.989588 0.979262 0.000108467
0.989625 0.979275 0.000108322
0.989606 0.979301 0.000108065
0.989647 0.979314 0.000107955
0.989625 0.979341 0.000107667
0.989669 0.979352 0.0001076
0.989644 0.979381 0.000107274
0.989667 0.979385 0.000107082
0.989662 0.97942 0.000106886
0.989688 0.979424 0.000106681
0.98968 0.97946 0.000106505
0.989708 0.979462 0.000106283
0.989698 0.9795 0.000106133
0.989729 0.979501 0.000105889
0.989716 0.97954 0.00010577
0.989749 0.979539 0.000105498
0.989733 0.97958 0.000105419
0.98977 0.979577 0.000105112
0.98976 0.979598 0.000104928
0.989791 0.979615 0.000104731
0.989779 0.979637 0.000104535
0.989812 0.979653 0.000104356
0.989797 0.979676 0.000104144
0.989833 0.97969 0.000103989
0.989816 0.979715 0.000103757
0.989854 0.979728 0.000103632
0.989834 0.979754 0.000103374
0.989875 0.979765 0.000103285
0.989853 0.979793 0.000102995
0.989875 0.979798 0.000102818
0.989871 0.979832 0.000102621
0.989895 0.979835 0.000102432
0.989888 0.979871 0.000102252
0.989915 0.979873 0.000102049
0.989906 0.979909 0.000101892
0.989935 0.979911 0.000101669
0.989923 0.979948 0.000101539
0.989955 0.979948 0.000101293
0.98994 0.979987 0.000101197
0.989975 0.979986 0.000100921
0.989966 0.980006 0.00010075
0.989995 0.980023 0.000100554
0.989985 0.980044 0.000100372
0.990016 0.98006 0.000100192
0.990003 0.980082 9.99967e-05
0.990036 0.980097 9.98377e-05
0.990021 0.98012 9.96243e-05
0.990057 0.980134 9.94911e-05
0.990039 0.980159 9.92554e-05
0.990078 0.98017 9.91546e-05
0.990057 0.980197 9.88905e-05
0.990078 0.980202 9.87247e-05
0.990071 0.980268 9.86527e-05
0.990119 0.980259 9.82133e-05
0.990103 0.980283 9.79971e-05
0.990139 0.980296 9.78751e-05
0.990121 0.980321 9.7635e-05
0.99016 0.980332 9.75475e-05
0.990138 0.980359 9.72771e-05
0.99016 0.980363 9.71109e-05
0.990156 0.980396 9.69239e-05
0.990179 0.9804 9.67468e-05
0.990173 0.980434 9.65764e-05
0.990199 0.980437 9.63854e-05
0.99019 0.980472 9.62358e-05
0.990218 0.980473 9.6027e-05
0.990207 0.98051 9.59035e-05
0.990238 0.98051 9.5672e-05
0.990224 0.980548 9.55814e-05
0.990257 0.980546 9.53209e-05
0.990249 0.980566 9.51594e-05
0.990277 0.980582 9.49746e-05
0.990266 0.980603 9.48026e-05
0.990297 0.980618 9.46337e-05
0.990284 0.98064 9.44484e-05
0.990317 0.980654 9.42995e-05
0.990302 0.980677 9.40971e-05
0.990337 0.98069 9.39733e-05
0.990319 0.980714 9.37491e-05
0.990357 0.980725 9.36569e-05
0.990337 0.980751 9.3405e-05
0.990357 0.980756 9.32476e-05
0.990354 0.980788 9.30654e-05
0.990376 0.980792 9.2898e-05
0.990371 0.980825 9.27311e-05
0.990395 0.980828 9.25508e-05
0.990387 0.980862 9.24033e-05
0.990414 0.980864 9.22066e-05
0.990404 0.980899 9.20833e-05
0.990434 0.9809 9.18655e-05
0.99042 0.980936 9.1773e-05
0.990453 0.980935 9.15282e-05
0.990445 0.980954 9.13747e-05
0.990472 0.980971 9.11954e-05
0.990462 0.980991 9.1032e-05
0.990492 0.981006 9.08678e-05
0.990479 0.981027 9.06919e-05
0.990511 0.981041 9.05465e-05
0.990497 0.981063 9.03546e-05
0.990531 0.981076 9.02328e-05
0.990514 0.9811 9.00204e-05
0.990551 0.981111 8.99287e-05
0.990531 0.981136 8.96899e-05
0.990551 0.981141 8.95397e-05
0.990548 0.981172 8.93638e-05
0.990569 0.981176 8.9204e-05
0.990564 0.981208 8.90428e-05
0.990588 0.981211 8.88708e-05
0.990581 0.981245 8.8728e-05
0.990607 0.981246 8.85403e-05
0.990597 0.981281 8.84208e-05
0.990626 0.981281 8.82129e-05
0.990613 0.981317 8.81229e-05
0.990644 0.981316 8.78891e-05
0.990636 0.981335 8.7742e-05
0.990663 0.981351 8.75697e-05
0.990654 0.981371 8.74131e-05
0.990682 0.981385 8.72553e-05
0.990671 0.981406 8.70867e-05
0.990702 0.98142 8.69471e-05
0.990687 0.981442 8.67629e-05
0.990721 0.981454 8.66465e-05
0.990704 0.981477 8.64423e-05
0.990741 0.981488 8.63551e-05
0.990721 0.981513 8.61252e-05
0.990741 0.981518 8.59808e-05
