0 0 1
0.160972 0 0.771111
0.161014 0.0227513 0.704905
0.361554 0.109148 0.454154
0.355261 0.123881 0.416231
0.409961 0.150471 0.379111
0.405801 0.159055 0.356231
0.407822 0.167279 0.350767
0.415017 0.166248 0.345794
0.41613 0.173846 0.340951
0.423005 0.173114 0.33631
0.424079 0.180494 0.331727
0.430852 0.179795 0.327338
0.431561 0.186061 0.323126
0.438568 0.186294 0.318863
0.438901 0.192785 0.314835
0.445064 0.192623 0.310934
0.445939 0.199547 0.30703
0.45134 0.198945 0.303296
0.453309 0.206844 0.299054
0.457882 0.205919 0.295288
0.467829 0.224511 0.286394
0.473002 0.221756 0.278117
0.498557 0.236591 0.265769
0.495182 0.242429 0.255612
0.739853 0.537916 0.0766378
0.736515 0.540686 0.0697369
0.736542 0.542238 0.0694166
0.737643 0.542363 0.0691389
0.737674 0.543903 0.0688215
0.738767 0.54403 0.0685477
0.738795 0.545563 0.0682345
0.739886 0.545688 0.0679633
0.739905 0.547218 0.0676553
0.741 0.547336 0.0673856
0.741004 0.548868 0.067084
0.742109 0.548974 0.0668146
0.742091 0.550512 0.0665206
0.743214 0.550603 0.0662502
0.743167 0.552151 0.0659653
0.744314 0.552222 0.0656925
0.74425 0.553439 0.0654302
0.74552 0.553759 0.0651767
0.745277 0.554754 0.0649306
0.746918 0.555487 0.064626
0.74661 0.556189 0.0643596
0.786913 0.628695 0.0543597
0.788574 0.627771 0.0482089
0.789691 0.627194 0.0455122
0.790448 0.626844 0.0443263
0.792004 0.626248 0.0433668
0.798997 0.64169 0.041487
0.799706 0.641368 0.0404553
0.800189 0.641189 0.0400033
0.801189 0.640929 0.0396208
0.806893 0.653953 0.0381183
0.807534 0.653672 0.0372869
0.807968 0.65352 0.0369265
0.808865 0.653313 0.0366229
0.812199 0.661741 0.0356988
0.812711 0.661538 0.0351852
0.813058 0.661437 0.034961
0.813783 0.661328 0.0347605
0.81753 0.670523 0.0337653
0.818054 0.670311 0.0332254
0.818407 0.670204 0.0329934
0.819137 0.670083 0.032793
0.821425 0.676333 0.0321427
0.821855 0.676177 0.0317893
0.822728 0.675963 0.0315097
0.82367 0.67928 0.0311642
0.823978 0.679197 0.0309903
0.824617 0.679122 0.0308351
0.826805 0.685161 0.030238
0.827225 0.685009 0.0299014
0.827508 0.68494 0.0297565
0.828096 0.68489 0.0296237
0.830229 0.690792 0.029051
0.830639 0.690644 0.0287297
0.830915 0.690578 0.0285922
0.831487 0.690531 0.0284671
0.833272 0.695686 0.0279787
0.833653 0.695555 0.0277046
0.833909 0.695499 0.027587
0.834441 0.695471 0.0274771
0.836195 0.700517 0.0269997
0.836566 0.700391 0.0267406
0.836815 0.700338 0.0266299
0.837331 0.700315 0.0265266
0.838902 0.704968 0.0260992
0.839257 0.70485 0.0258628
0.839496 0.704801 0.0257619
0.839989 0.704787 0.0256667
0.841463 0.709206 0.025265
0.841806 0.709094 0.0250462
0.842035 0.70905 0.0249529
0.842511 0.709042 0.0248641
0.843891 0.713238 0.0244882
0.844222 0.713132 0.0242846
0.844443 0.713091 0.0241979
0.844902 0.713089 0.0241148
0.846243 0.71722 0.0237608
0.846573 0.717114 0.023558
0.846794 0.717072 0.0234722
0.847248 0.717068 0.0233911
0.848384 0.720707 0.0230782
0.848689 0.720614 0.0229065
0.849302 0.720515 0.0227738
0.849611 0.72215 0.0226267
0.850206 0.722059 0.0225009
0.850548 0.723834 0.0223521
0.850761 0.723795 0.0222724
0.851198 0.723795 0.0221973
0.852173 0.727059 0.0219267
0.85246 0.726975 0.0217761
0.853035 0.726892 0.0216591
0.853328 0.728485 0.0215226
0.853524 0.728454 0.0214555
0.853928 0.728468 0.0213896
0.854993 0.731933 0.0211117
0.855288 0.731843 0.0209522
0.855484 0.731812 0.0208852
0.855886 0.731824 0.0208203
0.856819 0.734975 0.0205707
0.857098 0.734893 0.0204285
0.857284 0.734866 0.0203684
0.857667 0.734887 0.0203085
0.858643 0.738122 0.020055
0.858924 0.738039 0.0199108
0.85911 0.738011 0.0198504
0.859493 0.738028 0.0197913
0.860343 0.740962 0.0195635
0.860609 0.740887 0.0194355
0.860785 0.740864 0.0193815
0.861148 0.740889 0.019327
0.862045 0.743908 0.0190931
0.862312 0.743831 0.0189641
0.862488 0.743807 0.0189101
0.862851 0.74383 0.0188564
0.863671 0.746688 0.0186433
0.863932 0.746614 0.0185199
0.864105 0.746591 0.0184682
0.864459 0.746616 0.0184166
0.865225 0.749309 0.0182124
0.865474 0.749241 0.0181011
0.865967 0.749184 0.0180159
0.866136 0.75037 0.0179227
0.866618 0.750318 0.017841
0.866791 0.751494 0.0177474
0.867266 0.751445 0.017668
0.86744 0.752614 0.0175749
0.86791 0.752567 0.0174969
0.868081 0.75373 0.0174053
0.868551 0.753682 0.0173277
0.868716 0.754842 0.0172384
0.869189 0.754791 0.0171603
0.869345 0.755949 0.0170744
0.869504 0.755931 0.0170303
0.869832 0.755962 0.0169854
0.870548 0.758543 0.0168053
0.870792 0.758476 0.0166988
0.870951 0.758457 0.0166546
0.871278 0.758486 0.0166102
0.871899 0.760796 0.0164446
0.872124 0.760739 0.0163542
0.872569 0.760698 0.0162847
0.872719 0.761823 0.0162039
0.872875 0.761805 0.016162
0.873193 0.761836 0.0161197
0.873797 0.764111 0.0159619
0.874021 0.764054 0.0158728
0.874462 0.764012 0.0158049
0.874581 0.764994 0.0157309
0.875 0.764964 0.0156686
0.875154 0.766061 0.0155893
0.875304 0.766045 0.0155503
0.875612 0.766078 0.0155106
0.876197 0.768308 0.0153616
0.876418 0.76825 0.0152745
0.876563 0.768237 0.0152383
0.87686 0.768273 0.0152007
0.877448 0.770473 0.0150502
0.877663 0.770418 0.014968
0.878086 0.770381 0.0149058
0.878191 0.771337 0.0148388
0.878608 0.771303 0.0147782
0.878715 0.772253 0.0147114
0.879128 0.77222 0.0146518
0.879234 0.773166 0.0145857
0.879646 0.773132 0.0145267
0.879749 0.774075 0.0144618
0.880161 0.774041 0.0144027
0.880259 0.774981 0.0143395
0.880397 0.774969 0.0143065
0.88068 0.775007 0.0142721
0.881234 0.777138 0.0141373
0.881447 0.777083 0.0140566
0.881586 0.77707 0.0140235
0.881869 0.777106 0.0139894
0.882372 0.779107 0.013864
0.882578 0.779056 0.0137893
0.882712 0.779045 0.0137584
0.882985 0.779084 0.0137259
0.883493 0.78106 0.0135991
0.883692 0.781011 0.0135284
0.884084 0.780982 0.0134753
0.884159 0.781771 0.0134193
0.884516 0.781761 0.0133735
0.884651 0.782767 0.0133081
0.884791 0.782752 0.0132742
0.885075 0.782782 0.0132409
0.885446 0.784409 0.0131384
0.885626 0.784371 0.0130816
0.88598 0.78436 0.0130367
0.886105 0.785356 0.0129752
0.886246 0.785339 0.0129408
0.886531 0.785366 0.0129078
0.886855 0.786869 0.0128145
0.887027 0.786834 0.0127628
0.887367 0.786829 0.0127211
0.887497 0.787809 0.0126593
0.887634 0.787793 0.0126271
0.88791 0.787823 0.0125957
0.888234 0.789303 0.0125036
0.888402 0.78927 0.012454
0.888735 0.789267 0.0124139
0.888862 0.790233 0.0123542
0.888998 0.790218 0.0123225
0.889271 0.790247 0.0122918
0.889582 0.791712 0.0122047
0.889752 0.791677 0.0121547
0.890084 0.791672 0.0121149
0.890186 0.792518 0.0120599
0.890308 0.79251 0.0120342
0.890557 0.79255 0.0120071
0.890978 0.794292 0.0119062
0.891162 0.794248 0.0118462
0.891282 0.794241 0.0118216
0.891526 0.794282 0.0117954
0.891945 0.796006 0.0116954
0.892127 0.795963 0.0116372
0.892245 0.795956 0.0116133
0.892485 0.795998 0.0115877
0.892898 0.797706 0.01149
0.893079 0.797663 0.0114326
0.893196 0.797656 0.0114091
0.893434 0.797698 0.011384
0.893814 0.799288 0.0112902
0.893985 0.799251 0.0112394
0.894317 0.799239 0.0112007
0.894377 0.799955 0.0111564
0.894709 0.799942 0.0111178
0.894767 0.800656 0.0110743
0.8951 0.800642 0.0110356
0.895153 0.801355 0.0109931
0.895489 0.801339 0.0109541
0.895538 0.802052 0.0109128
0.895651 0.802046 0.0108909
0.89588 0.802088 0.0108673
0.896246 0.803641 0.0107796
0.896414 0.803604 0.0107302
0.896741 0.803591 0.0106931
0.89679 0.804293 0.0106526
0.896902 0.804287 0.0106314
0.897127 0.80433 0.0106085
0.897486 0.805864 0.0105239
0.897653 0.805827 0.0104752
0.897977 0.805813 0.0104389
0.898021 0.806509 0.0104003
0.898132 0.806503 0.010379
0.898357 0.806543 0.0103565
0.898677 0.807966 0.0102782
0.898837 0.807932 0.0102341
0.899146 0.807925 0.0102006
0.899197 0.808607 0.0101615
0.899305 0.808602 0.0101417
0.899522 0.808645 0.0101203
0.899868 0.810142 0.010041
0.900032 0.810105 0.00999381
0.900138 0.810101 0.00997461
0.900352 0.810144 0.00995372
0.900694 0.811627 0.0098758
0.900858 0.811591 0.00982944
0.900962 0.811586 0.00981061
0.901175 0.811629 0.00979012
0.901511 0.813101 0.00971439
0.901674 0.813064 0.00966828
0.901778 0.813059 0.00964962
0.901989 0.813102 0.00962944
0.902297 0.814468 0.0095568
0.90245 0.814436 0.00951608
0.902746 0.81443 0.0094854
0.902788 0.81509 0.00945061
0.902894 0.815084 0.00943136
0.903108 0.815123 0.0094112
0.903375 0.816388 0.00934549
0.903522 0.816359 0.00930792
0.903808 0.816357 0.00927911
0.903855 0.817006 0.00924422
0.903958 0.817001 0.00922605
0.904165 0.817041 0.0092067
0.904434 0.818289 0.00914128
0.904578 0.818261 0.00910539
0.904857 0.818261 0.00907772
0.904904 0.818902 0.00904352
0.905006 0.818897 0.00902584
0.90521 0.818937 0.00900702
0.905473 0.820171 0.0089437
0.905617 0.820143 0.00890823
0.905894 0.820143 0.00888108
0.905936 0.820778 0.00884828
0.906038 0.820772 0.00883058
0.906243 0.820811 0.00881202
0.906494 0.822035 0.00875253
0.906639 0.822005 0.00871628
0.906918 0.822002 0.00868907
0.906947 0.822537 0.00865889
0.907211 0.822542 0.00863383
0.90726 0.823163 0.00860086
0.907358 0.823159 0.00858448
0.907555 0.8232 0.00856689
0.907809 0.824402 0.00850736
0.907949 0.824374 0.00847337
0.90822 0.824373 0.00844762
0.90825 0.824899 0.00841815
0.908508 0.824904 0.00839406
0.908556 0.825517 0.00836227
0.908653 0.825513 0.00834623
0.908847 0.825553 0.00832913
0.909092 0.826739 0.00827287
0.909232 0.826711 0.00823884
0.909502 0.826708 0.00821346
0.909526 0.827229 0.00818558
0.909786 0.827231 0.00816151
0.909824 0.82784 0.00813215
0.909922 0.827834 0.00811554
0.91012 0.82787 0.00809849
0.91031 0.828874 0.00804863
0.910435 0.828853 0.00802207
0.910677 0.828864 0.00800052
0.91073 0.829457 0.00796922
0.910822 0.829454 0.00795474
0.911007 0.829496 0.00793891
0.91125 0.83065 0.00788413
0.911385 0.830623 0.00785265
0.911644 0.830623 0.00782907
0.911667 0.83113 0.00780268
0.911922 0.831132 0.00777977
0.911948 0.831636 0.00775315
0.912199 0.83164 0.00773082
0.912228 0.832141 0.00770404
0.912475 0.832146 0.0076822
0.912511 0.832734 0.00765464
0.912607 0.832729 0.00763907
0.912797 0.832765 0.00762318
0.912976 0.833739 0.00757786
0.913099 0.833718 0.00755195
0.913336 0.833727 0.00753141
0.913379 0.834305 0.00750346
0.913471 0.834301 0.00748889
0.913656 0.834339 0.00747366
0.913838 0.835299 0.00742787
0.913958 0.83528 0.00740345
0.914189 0.835291 0.00738382
0.914234 0.835862 0.007356
0.914324 0.835858 0.00734205
0.914505 0.835896 0.0073273
0.914703 0.836928 0.00728165
0.91483 0.836904 0.00725391
0.915074 0.836907 0.00723299
0.915095 0.837393 0.00720887
0.915341 0.837395 0.00718777
0.915358 0.837882 0.0071642
0.915606 0.837881 0.00714286
0.91562 0.838368 0.00711992
0.915704 0.838368 0.00710794
0.915872 0.83841 0.00709441
0.916102 0.839495 0.00704526
0.916229 0.83947 0.00701761
0.916471 0.839472 0.0069971
0.916487 0.839953 0.0069745
0.916569 0.839952 0.00696289
0.916734 0.839995 0.00694973
0.916961 0.841067 0.00690165
0.917087 0.841043 0.00687458
0.917327 0.841045 0.00685455
0.91734 0.841521 0.00683261
0.917422 0.84152 0.00682113
0.917587 0.841562 0.00680821
0.917807 0.842625 0.00676219
0.917933 0.8426 0.006735
0.918173 0.8426 0.00671513
0.918182 0.843073 0.00669417
0.918265 0.843072 0.00668257
0.91843 0.843112 0.00666977
0.918624 0.84409 0.00662691
0.918743 0.844068 0.00660279
0.91897 0.844074 0.0065845
0.918988 0.844537 0.00656288
0.919224 0.844538 0.00654367
0.919231 0.84492 0.00652407
0.919432 0.844939 0.00650851
0.919491 0.845548 0.00648236
0.919585 0.84554 0.00646752
0.919768 0.845568 0.00645358
0.919861 0.846241 0.00642311
0.919957 0.846232 0.0064077
0.920143 0.846258 0.00639359
0.920229 0.846931 0.00636462
0.920326 0.84692 0.00634854
0.920516 0.846944 0.0063342
0.920585 0.847538 0.0063072
0.920673 0.847532 0.00629388
0.920848 0.847563 0.00628085
0.92096 0.848299 0.00624916
0.921061 0.848286 0.00623188
0.921256 0.848306 0.00621717
0.921312 0.848901 0.00619261
0.921404 0.848893 0.00617822
0.921584 0.84892 0.00616487
0.92167 0.849579 0.00613675
0.921765 0.849569 0.00612143
0.92195 0.849592 0.00610775
0.922016 0.850176 0.00608192
0.922103 0.85017 0.006069
0.922275 0.850201 0.00605644
0.922381 0.850924 0.00602663
0.922481 0.850911 0.00600952
0.922675 0.850929 0.0059952
0.922717 0.851437 0.00597267
0.922798 0.851434 0.00596161
0.922958 0.85147 0.00595002
0.923093 0.852252 0.00591692
0.923195 0.852237 0.00589922
0.923392 0.852253 0.00588481
0.923427 0.85276 0.00586361
0.923509 0.852755 0.00585213
0.923672 0.852789 0.0058405
0.923796 0.853568 0.00580995
0.923901 0.853552 0.00579127
0.924101 0.853564 0.00577659
0.924123 0.853992 0.00575731
0.924339 0.853996 0.00574115
0.924342 0.854353 0.00572437
0.924534 0.85437 0.00571061
0.924569 0.854868 0.00568998
0.92465 0.854864 0.00567892
0.924809 0.854897 0.0056677
0.924919 0.855592 0.00563859
0.925013 0.85558 0.00562353
0.925195 0.8556 0.00561064
0.925239 0.85609 0.00558933
0.925316 0.856087 0.00557923
0.925468 0.856123 0.00556856
0.925597 0.856878 0.00553792
0.925697 0.856864 0.00552124
0.925887 0.856879 0.0055078
0.925912 0.857295 0.00548911
0.926119 0.8573 0.00547413
0.926123 0.857648 0.00545812
0.926309 0.857664 0.00544512
0.926341 0.858151 0.00542576
0.926421 0.858147 0.00541505
0.926577 0.858179 0.00540434
0.926679 0.858858 0.00537754
0.926773 0.858846 0.00536258
0.926954 0.858864 0.00535011
0.926989 0.859345 0.00533067
0.927067 0.859341 0.00532047
0.92722 0.859374 0.00531009
0.927323 0.860046 0.00528328
0.927415 0.860034 0.00526895
0.927593 0.860053 0.00525687
0.92763 0.860528 0.00523759
0.927706 0.860525 0.00522771
0.927856 0.860558 0.0052176
0.92796 0.861223 0.00519113
0.928051 0.861212 0.00517716
0.928225 0.861231 0.00516536
0.928262 0.861702 0.00514645
0.928338 0.861699 0.00513674
0.928487 0.861732 0.00512682
0.928588 0.862391 0.00510102
0.928679 0.86238 0.00508717
0.928852 0.862398 0.00507555
0.928887 0.862866 0.0050572
0.928963 0.862862 0.00504751
0.929111 0.862894 0.00503771
0.929208 0.863549 0.0050129
0.929299 0.863537 0.00499894
0.929474 0.863555 0.0049874
0.929504 0.864019 0.00496981
0.929581 0.864015 0.00495999
0.92973 0.864046 0.00495026
0.929821 0.864697 0.00492675
0.929913 0.864685 0.00491245
0.930089 0.8647 0.00490088
0.93011 0.865092 0.00488457
0.930176 0.865093 0.00487716
0.930307 0.865133 0.00486855
0.930468 0.86596 0.00483823
0.93057 0.865942 0.00482052
0.930763 0.865947 0.00480764
0.930762 0.866274 0.00479404
0.930941 0.866287 0.0047824
0.930955 0.866677 0.00476715
0.931023 0.866677 0.00475946
0.931156 0.866714 0.00475087
0.931291 0.867471 0.00472366
0.931389 0.867455 0.00470758
0.931573 0.867464 0.00469555
0.931577 0.867784 0.00468195
0.931749 0.867799 0.00467095
0.931767 0.868182 0.00465568
0.931833 0.868183 0.00464847
0.931962 0.868221 0.00464023
0.9321 0.868966 0.00461284
0.932194 0.86895 0.00459773
0.932373 0.868961 0.00458626
0.932381 0.869346 0.00457237
0.932449 0.869345 0.00456449
0.932583 0.869379 0.00455608
0.932693 0.87006 0.00453224
0.932785 0.870046 0.00451801
0.932959 0.870059 0.00450702
0.93297 0.870439 0.00449308
0.933036 0.870438 0.00448556
0.933167 0.870473 0.0044774
0.933279 0.871146 0.00445347
0.933369 0.871133 0.00443986
0.93354 0.871146 0.00442923
0.933552 0.871522 0.00441539
0.933617 0.871521 0.00440812
0.933746 0.871556 0.00440017
0.933858 0.872223 0.00437645
0.933947 0.87221 0.00436323
0.934115 0.872224 0.00435287
0.934127 0.872596 0.00433925
0.934192 0.872596 0.00433213
0.934319 0.87263 0.00432434
0.93443 0.873291 0.00430112
0.934518 0.873278 0.00428809
0.934685 0.873292 0.00427791
0.934696 0.873661 0.00426462
0.93476 0.87366 0.00425757
0.934887 0.873694 0.00424989
0.934995 0.87435 0.00422744
0.935083 0.874337 0.00421439
0.935249 0.87435 0.00420431
0.935258 0.874717 0.00419148
0.935323 0.874716 0.00418439
0.93545 0.874749 0.0041768
0.935553 0.875401 0.00415538
0.935642 0.875387 0.00414213
0.935809 0.875398 0.00413206
0.935814 0.875697 0.00412016
0.935974 0.875712 0.0041106
0.935987 0.876072 0.00409771
0.936049 0.876072 0.00409105
0.936173 0.876106 0.00408375
0.936278 0.876748 0.00406217
0.936364 0.876735 0.00404968
0.936527 0.876748 0.00404005
0.936535 0.877107 0.00402786
0.936598 0.877106 0.00402098
0.936724 0.877139 0.00401367
0.936812 0.877718 0.00399379
0.936892 0.877708 0.00398298
0.937044 0.877725 0.00397412
0.937062 0.878076 0.00396123
0.937122 0.878077 0.00395513
0.93724 0.878112 0.00394823
0.937359 0.8788 0.00392639
0.937449 0.878784 0.0039127
0.937618 0.878792 0.00390277
0.937614 0.879086 0.00389212
0.937778 0.879096 0.00388257
0.937778 0.879387 0.00387169
0.937938 0.879399 0.00386249
0.937942 0.879687 0.00385141
0.938097 0.879701 0.00384251
0.938107 0.88005 0.00383077
0.938168 0.88005 0.00382436
0.938289 0.880082 0.0038175
0.938375 0.880646 0.00379857
0.938453 0.880636 0.00378835
0.938601 0.880653 0.00377999
0.938617 0.880996 0.00376787
0.938676 0.880996 0.003762
0.938792 0.88103 0.00375543
0.938894 0.881644 0.00373543
0.938976 0.881632 0.00372414
0.93913 0.881645 0.00371543
0.939135 0.881927 0.00370476
0.939287 0.881941 0.00369627
0.939295 0.882283 0.00368506
0.939356 0.882282 0.00367886
0.939474 0.882314 0.00367226
0.939557 0.882867 0.00365442
0.939634 0.882857 0.00364436
0.939781 0.882873 0.00363626
0.939793 0.88321 0.00362488
0.939852 0.88321 0.00361905
0.939967 0.883243 0.00361267
0.940062 0.883847 0.00359433
0.940144 0.883834 0.00358287
0.940299 0.883845 0.00357429
0.940299 0.884123 0.00356435
0.940452 0.884135 0.0035559
0.940454 0.884412 0.00354594
0.940605 0.884424 0.00353761
0.940608 0.8847 0.00352764
0.940758 0.884713 0.00351941
0.940761 0.884987 0.00350945
0.94091 0.885 0.00350132
0.940914 0.885274 0.00349138
0.941062 0.885287 0.00348333
0.941066 0.88556 0.00347341
0.941214 0.885573 0.00346544
0.941218 0.885845 0.00345555
0.941365 0.885859 0.00344764
0.941369 0.88613 0.0034378
0.941515 0.886143 0.00342994
0.94152 0.886414 0.00342015
0.941666 0.886427 0.00341234
0.94167 0.886697 0.00340261
0.941816 0.88671 0.00339483
0.94182 0.886979 0.00338517
0.941965 0.886992 0.00337741
0.941969 0.887261 0.00336784
0.942114 0.887274 0.0033601
0.942117 0.887542 0.00335061
0.942263 0.887554 0.00334287
0.942265 0.887822 0.00333348
0.942411 0.887834 0.00332574
0.942413 0.888102 0.00331646
0.942559 0.888114 0.00330871
0.94256 0.888381 0.00329953
0.942707 0.888392 0.00329176
0.942706 0.888659 0.00328271
0.942854 0.88867 0.00327491
0.942852 0.888937 0.003266
0.943001 0.888947 0.00325815
0.942997 0.889214 0.00324938
0.943147 0.889223 0.00324148
0.943142 0.88949 0.00323287
0.943294 0.889498 0.0032249
0.943287 0.889766 0.00321646
0.943338 0.889768 0.00321202
0.943438 0.889802 0.0032067
0.94355 0.890416 0.00318834
0.943629 0.890403 0.00317783
0.943776 0.890413 0.00317017
0.943771 0.890677 0.00316174
0.943921 0.890685 0.00315398
0.943913 0.890949 0.00314575
0.943964 0.890952 0.00314139
0.944064 0.890986 0.00313619
0.944172 0.891593 0.00311846
0.944251 0.89158 0.00310804
0.944398 0.891589 0.00310051
0.944391 0.891851 0.00309237
0.944441 0.891853 0.00308813
0.94454 0.891887 0.00308304
0.944648 0.892488 0.00306551
0.944726 0.892476 0.00305535
0.94487 0.892485 0.00304799
0.944864 0.892744 0.00303998
0.944914 0.892747 0.00303583
0.945011 0.89278 0.00303084
0.945118 0.893377 0.00301366
0.945195 0.893364 0.00300364
0.945339 0.893373 0.00299641
0.945333 0.89363 0.00298858
0.945382 0.893632 0.00298447
0.945478 0.893666 0.00297956
0.945583 0.894257 0.0029629
0.94566 0.894245 0.0029529
0.945803 0.894253 0.00294574
0.945796 0.894509 0.00293815
0.945845 0.894511 0.00293404
0.945941 0.894543 0.00292918
0.946043 0.895131 0.0029132
0.94612 0.895118 0.00290311
0.946168 0.89512 0.00289917
0.946263 0.895154 0.00289443
0.946367 0.895736 0.00287814
0.946442 0.895724 0.00286853
0.946583 0.895732 0.00286163
0.946575 0.895984 0.00285426
0.946623 0.895986 0.00285027
0.946719 0.896018 0.00284557
0.946809 0.896547 0.00283031
0.946879 0.896537 0.00282201
0.947011 0.89655 0.00281568
0.947011 0.896795 0.00280796
0.947147 0.896805 0.00280139
0.947142 0.897053 0.00279403
0.947189 0.897055 0.00279025
0.947282 0.897088 0.0027857
0.947382 0.897659 0.00277021
0.947457 0.897647 0.00276085
0.947595 0.897655 0.00275419
0.947588 0.897848 0.00274755
0.9477 0.89787 0.00274233
0.947727 0.898205 0.00273251
0.947781 0.898204 0.00272751
0.947887 0.898229 0.00272258
0.947928 0.898609 0.0027117
0.947986 0.898605 0.00270595
0.948098 0.898627 0.00270075
0.948123 0.898961 0.00269131
0.948178 0.898958 0.00268623
0.948284 0.898983 0.0026813
0.948321 0.899362 0.00267093
0.948381 0.899357 0.00266503
0.948494 0.899377 0.00265982
0.948515 0.89971 0.00265085
0.94857 0.899707 0.00264561
0.948677 0.89973 0.00264069
0.948706 0.900058 0.00263105
0.948759 0.900057 0.00262639
0.948861 0.900082 0.0026217
0.948903 0.900455 0.00261109
0.94896 0.900451 0.00260567
0.949068 0.900472 0.00260071
0.949093 0.9008 0.00259159
0.949147 0.900797 0.00258673
0.94925 0.900821 0.00258202
0.949287 0.901193 0.00257206
0.949345 0.901189 0.00256638
0.949456 0.901208 0.00256137
0.949475 0.901536 0.00255283
0.949531 0.901532 0.00254773
0.949636 0.901555 0.00254298
0.949663 0.901877 0.00253385
0.949715 0.901875 0.00252926
0.949816 0.9019 0.00252472
0.949854 0.902266 0.00251478
0.949911 0.902262 0.00250937
0.950019 0.902282 0.00250455
0.95004 0.902605 0.00249606
0.950094 0.902602 0.00249118
0.950197 0.902625 0.00248658
0.950225 0.902942 0.00247757
0.950276 0.902941 0.00247315
0.950375 0.902966 0.00246875
0.950414 0.903327 0.00245896
0.95047 0.903323 0.00245373
0.950576 0.903344 0.00244904
0.950597 0.903662 0.00244073
0.95065 0.90366 0.00243597
0.950752 0.903682 0.00243149
0.950779 0.903996 0.00242271
0.95083 0.903995 0.00241837
0.950928 0.904019 0.00241407
0.950965 0.904377 0.00240458
0.951021 0.904373 0.00239941
0.951126 0.904393 0.00239482
0.951146 0.904708 0.00238679
0.951199 0.904705 0.00238208
0.951301 0.904727 0.00237767
0.951326 0.905039 0.00236921
0.951377 0.905037 0.00236489
0.951474 0.90506 0.00236065
0.951509 0.905415 0.00235157
0.951565 0.905411 0.00234639
0.95167 0.90543 0.00234185
0.951685 0.905695 0.00233437
0.95173 0.905696 0.00233087
0.951819 0.905723 0.00232699
0.951881 0.90616 0.00231611
0.951943 0.906152 0.00230965
0.952059 0.906165 0.00230468
0.952059 0.906386 0.00229847
0.952182 0.906395 0.00229311
0.952175 0.90657 0.00228768
0.952277 0.90659 0.00228333
0.952297 0.906897 0.0022757
0.952348 0.906895 0.0022712
0.952447 0.906916 0.00226701
0.952471 0.90722 0.00225904
0.952521 0.907218 0.00225487
0.952616 0.907241 0.00225082
0.952649 0.907588 0.00224237
0.952704 0.907583 0.00223729
0.952808 0.907601 0.00223293
0.95282 0.907861 0.00222597
0.952865 0.907861 0.00222253
0.952953 0.907888 0.00221879
0.953003 0.908271 0.002209
0.953059 0.908265 0.00220374
0.953165 0.908282 0.00219935
0.953173 0.908541 0.00219273
0.953219 0.908541 0.00218917
0.953308 0.908566 0.00218543
0.953354 0.908948 0.00217622
0.953412 0.908942 0.00217074
0.953519 0.908957 0.00216631
0.953523 0.909169 0.00216026
0.953638 0.90918 0.00215546
0.953633 0.909396 0.00214994
0.953675 0.909398 0.00214699
0.953756 0.909427 0.00214353
0.953828 0.909885 0.00213277
0.953891 0.909876 0.00212612
0.954008 0.909885 0.00212131
0.954002 0.910053 0.00211627
0.954099 0.910073 0.00211229
0.954117 0.910368 0.00210529
0.954167 0.910366 0.00210111
0.954263 0.910386 0.00209725
0.954284 0.910679 0.00209003
0.954332 0.910677 0.00208608
0.954425 0.910698 0.00208232
0.954449 0.910988 0.00207491
0.954496 0.910987 0.00207116
0.954587 0.911009 0.0020675
0.954618 0.911341 0.00205976
0.954671 0.911337 0.0020551
0.95477 0.911354 0.00205112
0.95478 0.911603 0.00204483
0.954824 0.911603 0.00204161
0.954908 0.911628 0.00203817
0.954954 0.911996 0.00202951
0.955009 0.91199 0.00202447
0.955112 0.912005 0.00202039
0.955115 0.91221 0.00201478
0.955227 0.91222 0.00201031
0.95522 0.912429 0.00200525
0.955261 0.912431 0.00200244
0.95534 0.912458 0.0019992
0.9554 0.91286 0.00198965
0.955457 0.912853 0.0019843
0.955562 0.912866 0.00198015
0.955561 0.913071 0.00197487
0.9556 0.913073 0.00197234
0.955675 0.913102 0.00196924
0.955749 0.913538 0.00195886
0.955807 0.91353 0.00195313
0.955916 0.913541 0.00194888
0.955911 0.913746 0.00194392
0.95595 0.913748 0.00194125
0.956027 0.913775 0.00193813
0.956087 0.91417 0.00192877
0.956143 0.914164 0.00192366
0.956246 0.914177 0.00191968
0.956245 0.914378 0.00191454
0.956358 0.914386 0.00191013
0.956349 0.914546 0.00190572
0.956445 0.914563 0.00190205
0.956453 0.914803 0.00189631
0.956496 0.914803 0.00189327
0.956578 0.914827 0.00189008
0.956619 0.915182 0.00188232
0.956673 0.915176 0.00187747
0.956773 0.915189 0.00187364
0.956774 0.915388 0.00186858
0.956884 0.915396 0.00186433
0.956876 0.915554 0.00186001
0.95697 0.915571 0.00185645
0.956979 0.915808 0.00185083
0.957021 0.915808 0.00184788
0.957101 0.915831 0.00184478
0.957142 0.916182 0.00183721
0.957195 0.916176 0.00183248
0.957294 0.916189 0.00182875
0.957295 0.916385 0.00182383
0.957404 0.916393 0.00181967
0.957395 0.91655 0.00181548
0.957489 0.916566 0.00181199
0.957496 0.9168 0.00180658
0.957538 0.9168 0.00180365
0.957618 0.916823 0.0018006
0.957652 0.917129 0.00179347
0.957699 0.917126 0.00178973
0.957789 0.917144 0.00178641
0.9578 0.917375 0.00178081
0.95784 0.917375 0.00177813
0.957917 0.917399 0.0017752
0.95796 0.917741 0.0017676
0.958011 0.917736 0.00176329
0.958106 0.917751 0.00175979
0.958109 0.917941 0.00175497
0.958214 0.91795 0.00175107
0.958207 0.918103 0.001747
0.958297 0.91812 0.00174369
0.958306 0.918349 0.00173842
0.958346 0.918349 0.00173566
0.958424 0.918372 0.00173275
0.958458 0.918672 0.00172583
0.958504 0.918669 0.00172229
0.958591 0.918687 0.00171912
0.958603 0.918912 0.00171372
0.958642 0.918913 0.00171115
0.958717 0.918937 0.00170835
0.958759 0.919272 0.00170106
0.958809 0.919267 0.0016969
0.958903 0.919281 0.00169354
0.958904 0.919468 0.00168893
0.959008 0.919477 0.00168516
0.959 0.919627 0.00168128
0.95909 0.919643 0.00167807
0.959096 0.919868 0.00167312
0.959137 0.919868 0.00167038
0.959214 0.91989 0.00166756
0.959245 0.920185 0.00166111
0.959291 0.920182 0.00165755
0.959378 0.920199 0.00165445
0.959387 0.920421 0.00164942
0.959426 0.920421 0.00164683
0.959502 0.920444 0.0016441
0.959535 0.920736 0.00163754
0.959579 0.920733 0.00163418
0.959664 0.92075 0.00163118
0.959675 0.92097 0.0016261
0.959713 0.920971 0.00162364
0.959787 0.920994 0.00162098
0.959826 0.921321 0.00161421
0.959876 0.921315 0.00161017
0.959967 0.921329 0.00160696
0.959968 0.921512 0.00160267
0.960002 0.921514 0.00160065
0.960069 0.92154 0.00159818
0.960133 0.921933 0.00159001
0.960186 0.921925 0.00158524
0.960285 0.921935 0.00158179
0.960278 0.92208 0.00157812
0.960364 0.922095 0.00157516
0.960371 0.922313 0.00157048
0.96041 0.922313 0.00156794
0.960484 0.922335 0.00156531
0.960514 0.92262 0.00155928
0.960559 0.922617 0.00155594
0.960643 0.922633 0.00155304
0.960651 0.922849 0.00154837
0.960689 0.922849 0.00154591
0.960762 0.922871 0.00154334
0.960793 0.923154 0.00153732
0.960837 0.923151 0.00153408
0.96092 0.923167 0.00153125
0.960928 0.923381 0.00152661
0.960966 0.923381 0.00152421
0.961038 0.923403 0.00152169
0.961069 0.923684 0.00151571
0.961113 0.923681 0.00151255
0.961195 0.923697 0.00150977
0.961203 0.923909 0.00150517
0.961241 0.92391 0.00150283
0.961312 0.923931 0.00150035
0.961343 0.92421 0.00149443
0.961386 0.924207 0.00149133
0.961467 0.924224 0.0014886
0.961476 0.924434 0.00148407
0.961513 0.924434 0.00148176
0.961585 0.924456 0.00147932
0.961615 0.924732 0.00147349
0.961658 0.924729 0.00147044
0.961738 0.924746 0.00146774
0.961747 0.924955 0.00146328
0.961784 0.924955 0.001461
0.961855 0.924977 0.00145859
0.961885 0.925251 0.00145288
0.961927 0.925248 0.00144985
0.962007 0.925265 0.00144719
0.962016 0.925472 0.00144282
0.962052 0.925472 0.00144055
0.962123 0.925494 0.00143817
0.962152 0.925767 0.00143258
0.962194 0.925764 0.00142956
0.962274 0.925779 0.00142693
0.962282 0.925986 0.00142266
0.962319 0.925986 0.0014204
0.962389 0.926007 0.00141804
0.962417 0.926278 0.00141261
0.962459 0.926275 0.00140958
0.962539 0.926291 0.00140696
0.962546 0.926496 0.00140281
0.962583 0.926496 0.00140054
0.962653 0.926516 0.0013982
0.962679 0.926786 0.00139295
0.962722 0.926783 0.00138988
0.962803 0.926798 0.00138729
0.962808 0.927003 0.00138327
0.962845 0.927002 0.00138097
0.962915 0.927022 0.00137865
0.96294 0.927291 0.00137359
0.962983 0.927287 0.00137049
0.963064 0.927302 0.00136789
0.963067 0.927469 0.00136415
0.963159 0.927477 0.00136118
0.963151 0.927612 0.0013581
0.963232 0.927626 0.0013555
0.963233 0.927792 0.00135185
0.963326 0.9278 0.00134886
0.963317 0.927935 0.00134584
0.963399 0.927948 0.00134323
0.963399 0.928115 0.00133967
0.963431 0.928117 0.00133799
0.963492 0.928141 0.00133593
0.963547 0.9285 0.00132937
0.963597 0.928493 0.00132523
0.963689 0.928501 0.00132232
0.96368 0.928634 0.00131936
0.963761 0.928647 0.00131681
0.963761 0.928812 0.00131331
0.963792 0.928814 0.00131167
0.963852 0.928838 0.00130966
0.963908 0.929193 0.00130322
0.963957 0.929186 0.00129917
0.964047 0.929194 0.00129633
0.964039 0.929326 0.00129342
0.964119 0.929339 0.00129093
0.964119 0.929502 0.00128751
0.96415 0.929504 0.0012859
0.964209 0.929528 0.00128393
0.964264 0.92988 0.00127766
0.964313 0.929872 0.00127366
0.964402 0.92988 0.00127087
0.964393 0.930011 0.00126803
0.964473 0.930024 0.00126558
0.964472 0.930186 0.00126225
0.964503 0.930188 0.00126065
0.964563 0.930211 0.00125871
0.96461 0.930527 0.00125274
0.964655 0.930521 0.00124943
0.964737 0.930532 0.00124691
0.964733 0.930695 0.0012438
0.964764 0.930696 0.00124209
0.964826 0.930718 0.00124014
0.964863 0.931001 0.00123477
0.964905 0.930997 0.00123186
0.964983 0.93101 0.00122951
0.964983 0.931169 0.00122625
0.965013 0.931171 0.00122472
0.965071 0.931194 0.00122285
0.965123 0.931538 0.00121693
0.965171 0.931531 0.00121309
0.965201 0.931533 0.00121162
0.965296 0.931572 0.00120941
0.965271 0.931637 0.00120734
0.965442 0.931777 0.00120331
0.965419 0.931806 0.00120102
0.965392 0.931873 0.00119891
0.965539 0.931989 0.00119519
0.96552 0.932016 0.00119341
0.965501 0.932078 0.00119149
0.965686 0.932244 0.00118683
0.965662 0.932273 0.00118437
0.965633 0.932341 0.00118223
0.965782 0.932454 0.00117876
0.965763 0.932482 0.00117685
0.965741 0.932545 0.00117491
0.96593 0.932707 0.00117062
0.965904 0.932737 0.00116798
0.965872 0.932805 0.00116579
0.965997 0.932896 0.00116266
0.965982 0.932921 0.00116125
0.965959 0.933019 0.00115913
0.966026 0.933036 0.00115715
0.96604 0.933251 0.00115334
0.966076 0.93325 0.00115111
0.966145 0.933265 0.00114908
0.966154 0.933449 0.00114557
0.966186 0.933449 0.00114383
0.966248 0.933469 0.00114197
0.966273 0.933711 0.00113761
0.966311 0.933708 0.00113519
0.966382 0.933723 0.00113311
0.966386 0.933907 0.00112988
0.96642 0.933907 0.00112799
0.966484 0.933924 0.00112611
0.966501 0.934136 0.00112221
0.966536 0.934134 0.00112018
0.966601 0.934151 0.00111826
0.966615 0.934363 0.00111461
0.966651 0.934361 0.00111244
0.966719 0.934377 0.00111047
0.966727 0.934558 0.00110712
0.966759 0.934558 0.00110541
0.966819 0.934577 0.00110361
0.966843 0.934816 0.00109947
0.966881 0.934813 0.00109708
0.966952 0.934826 0.00109506
0.966954 0.934975 0.00109209
0.967037 0.934982 0.00108973
0.967028 0.935103 0.00108733
0.967102 0.935115 0.00108522
0.967099 0.935265 0.00108247
0.967129 0.935267 0.00108103
0.967185 0.935288 0.00107936
0.96722 0.935551 0.00107467
0.967259 0.935547 0.00107217
0.967331 0.93556 0.00107014
0.96733 0.935708 0.00106734
0.967359 0.93571 0.00106599
0.967413 0.935731 0.00106437
0.967455 0.936022 0.00105945
0.967497 0.936017 0.00105657
0.967573 0.936026 0.00105444
0.967568 0.936143 0.00105202
0.967638 0.936156 0.00105008
0.967639 0.936302 0.00104726
0.967667 0.936305 0.001046
0.967754 0.936341 0.0010441
0.967731 0.936402 0.00104232
0.967891 0.936531 0.00103895
0.967869 0.936558 0.00103691
0.967843 0.93662 0.00103508
0.967981 0.936727 0.001032
0.967963 0.936752 0.00103037
0.967943 0.936811 0.0010287
0.968119 0.936962 0.00102494
0.968095 0.936991 0.00102264
0.968065 0.937054 0.00102074
0.968182 0.937139 0.00101804
0.968168 0.937162 0.00101678
0.968155 0.937217 0.00101525
0.968361 0.937416 0.00101048
0.968334 0.937446 0.0010078
0.968299 0.937511 0.00100579
0.968394 0.937574 0.00100348
0.968366 0.937636 0.00100164
0.968481 0.937721 0.000998951
0.968467 0.937743 0.000997749
0.968446 0.937834 0.000995944
0.968508 0.93785 0.000994249
0.96852 0.93805 0.000991058
0.968554 0.938048 0.000989094
0.968618 0.938062 0.000987349
0.968624 0.938233 0.000984444
0.968655 0.938233 0.000982873
0.968713 0.93825 0.000981269
0.96873 0.938446 0.000977823
0.968762 0.938445 0.000976106
0.968823 0.938461 0.00097446
0.968835 0.938659 0.000971281
0.968869 0.938657 0.000969396
0.968932 0.938672 0.0009677
0.968938 0.93884 0.000964822
0.968968 0.938841 0.000963308
0.969026 0.938858 0.000961745
0.969046 0.939081 0.000958269
0.969082 0.939078 0.000956099
0.969149 0.93909 0.000954323
0.969149 0.93923 0.000951824
0.969175 0.939232 0.000950631
0.969227 0.939252 0.000949192
0.969266 0.939526 0.000944857
0.969305 0.939521 0.00094227
0.969377 0.939531 0.000940369
0.969372 0.939641 0.00093824
0.969438 0.939653 0.000936498
0.969438 0.939792 0.000934053
0.969465 0.939793 0.000932878
0.969515 0.939813 0.000931466
0.969554 0.940085 0.000927239
0.969593 0.94008 0.000924682
0.969665 0.940089 0.000922813
0.969659 0.940199 0.000920731
0.969725 0.94021 0.000919016
0.969725 0.940348 0.000916634
0.969751 0.940349 0.000915469
0.969801 0.940369 0.000914079
0.969838 0.940639 0.000909994
0.969878 0.940633 0.000907441
0.969949 0.940642 0.000905594
0.969943 0.940751 0.000903566
0.970009 0.940762 0.000901869
0.970008 0.940899 0.000899562
0.970034 0.9409 0.000898395
0.970084 0.940919 0.000897025
0.970116 0.941159 0.000893155
0.970152 0.941156 0.000891073
0.970217 0.941167 0.000889403
0.970216 0.941302 0.000887128
0.970242 0.941304 0.000885979
0.970292 0.941323 0.000884628
0.970323 0.941561 0.000880817
0.970359 0.941557 0.000878762
0.970424 0.941569 0.000877115
0.970422 0.941703 0.000874876
0.970448 0.941705 0.00087374
0.970498 0.941724 0.000872407
0.970529 0.94196 0.000868665
0.970564 0.941956 0.000866627
0.970629 0.941968 0.000865001
0.970627 0.942101 0.000862803
0.970653 0.942103 0.000861675
0.970702 0.942121 0.00086036
0.970733 0.942356 0.000856697
0.970768 0.942353 0.000854668
0.970832 0.942364 0.000853059
0.97083 0.942497 0.000850906
0.970856 0.942498 0.000849783
0.970905 0.942516 0.000848482
0.970935 0.94275 0.00084491
0.97097 0.942746 0.000842881
0.971034 0.942757 0.000841286
0.971032 0.942889 0.000839182
0.971057 0.94289 0.00083806
0.971107 0.942909 0.000836773
0.971135 0.943141 0.000833302
0.97117 0.943137 0.000831265
0.971235 0.943147 0.00082968
0.971232 0.943279 0.00082763
0.971257 0.94328 0.000826504
0.971307 0.943298 0.00082523
0.971334 0.943529 0.00082187
0.97137 0.943525 0.000819815
0.971434 0.943535 0.000818238
0.97143 0.943666 0.000816247
0.971456 0.943667 0.000815113
0.971506 0.943685 0.000813849
0.971532 0.943914 0.000810612
0.971567 0.94391 0.000808531
0.971632 0.94392 0.000806958
0.971628 0.944022 0.000805118
0.971689 0.944033 0.000803653
0.971689 0.944161 0.000801555
0.971713 0.944163 0.000800556
0.97176 0.944181 0.000799352
0.971794 0.944433 0.000795786
0.971831 0.944428 0.000793561
0.971898 0.944436 0.000791958
0.971892 0.944538 0.000790203
0.971954 0.944548 0.000788714
0.971951 0.944676 0.000786752
0.971976 0.944678 0.000785695
0.972024 0.944695 0.000784489
0.972051 0.94492 0.000781282
0.972085 0.944916 0.000779343
0.972148 0.944926 0.000777851
0.972144 0.945054 0.000775962
0.972169 0.945055 0.000774884
0.972218 0.945072 0.000773684
0.97224 0.94527 0.000770673
0.972271 0.945268 0.0007691
0.972328 0.94528 0.000767743
0.97233 0.945404 0.000765678
0.972353 0.945406 0.000764774
0.972427 0.945437 0.000763402
0.972407 0.945489 0.000762118
0.972523 0.945582 0.000759803
0.972508 0.945603 0.000758661
0.972492 0.945653 0.000757458
0.972642 0.945783 0.000754715
0.972621 0.945807 0.000753026
0.972596 0.945861 0.000751648
0.972697 0.945933 0.00074972
0.972684 0.945953 0.000748762
0.972672 0.946001 0.000747631
0.972833 0.946151 0.000744448
0.972811 0.946176 0.000742696
0.972785 0.94623 0.000741309
0.972887 0.946301 0.000739462
0.972874 0.946321 0.000738474
0.972861 0.946368 0.000737345
0.973022 0.946517 0.000734342
0.973 0.946542 0.000732515
0.972972 0.946596 0.000731116
0.973075 0.946665 0.000729356
0.973062 0.946686 0.000728333
0.973048 0.946734 0.000727205
0.973191 0.946862 0.000724419
0.973172 0.946886 0.000722912
0.973149 0.946938 0.000721629
0.973246 0.947009 0.000719717
0.973234 0.947029 0.000718848
0.973216 0.947105 0.000717568
0.973269 0.947118 0.000716351
0.973275 0.947263 0.000714231
0.973301 0.947263 0.000713118
0.97335 0.947278 0.000711976
0.973363 0.947445 0.000709537
0.973391 0.947444 0.000708264
0.973442 0.947457 0.000707076
0.973449 0.9476 0.000704947
0.973474 0.9476 0.000703877
0.973522 0.947616 0.00070276
0.973537 0.947781 0.000700309
0.973564 0.94778 0.000699086
0.973615 0.947794 0.000697925
0.973622 0.947935 0.000695792
0.973647 0.947936 0.00069476
0.973694 0.947951 0.000693667
0.973711 0.94814 0.000691153
0.973742 0.948137 0.000689612
0.973798 0.948148 0.000688357
0.973797 0.948267 0.000686603
0.97382 0.948268 0.00068572
0.973864 0.948285 0.000684685
0.97389 0.948494 0.000681822
0.973922 0.948491 0.000680185
0.973979 0.9485 0.000678909
0.973976 0.948619 0.000677252
0.974 0.94862 0.000676323
0.974044 0.948636 0.000675285
0.974065 0.948821 0.000672674
0.974094 0.948819 0.000671296
0.974147 0.948831 0.000670116
0.974148 0.948946 0.000668339
0.97417 0.948948 0.000667535
0.97424 0.948977 0.000666349
0.97422 0.949026 0.000665222
0.97433 0.949111 0.00066327
0.974316 0.949132 0.000662227
0.9743 0.949178 0.000661167
0.974423 0.949282 0.000658936
0.974407 0.949304 0.000657733
0.974388 0.949352 0.000656625
0.974496 0.949437 0.000654686
0.974482 0.949457 0.000653667
0.974467 0.949503 0.000652624
0.974589 0.949607 0.000650409
0.974572 0.949628 0.000649231
0.974554 0.949676 0.000648141
0.974661 0.949761 0.000646221
0.974647 0.949781 0.00064522
0.974632 0.949826 0.000644193
0.974753 0.949929 0.000642
0.974737 0.94995 0.000640843
0.974719 0.949998 0.00063977
0.974826 0.950082 0.000637871
0.974812 0.950102 0.000636886
0.974796 0.950147 0.000635874
0.974917 0.95025 0.000633708
0.974901 0.95027 0.000632567
0.974882 0.950317 0.000631509
0.974989 0.950401 0.000629635
0.974975 0.950421 0.000628663
0.97496 0.950466 0.000627664
0.975079 0.950568 0.000625529
0.975063 0.950588 0.000624402
0.975045 0.950635 0.000623357
0.975151 0.950718 0.000621511
0.975137 0.950738 0.000620549
0.975122 0.950783 0.000619563
0.975241 0.950884 0.000617463
0.975225 0.950904 0.000616345
0.975206 0.950951 0.000615312
0.975312 0.951033 0.000613499
0.975298 0.951053 0.000612543
0.975283 0.951097 0.000611568
0.975401 0.951197 0.000609508
0.975385 0.951218 0.000608396
0.975367 0.951264 0.000607374
0.975472 0.951346 0.000605595
0.975458 0.951365 0.000604644
0.975443 0.95141 0.000603679
0.975561 0.951509 0.000601662
0.975545 0.95153 0.000600552
0.975526 0.951576 0.000599541
0.975631 0.951657 0.0005978
0.975617 0.951676 0.00059685
0.975601 0.951721 0.000595894
0.975719 0.951819 0.000593924
0.975703 0.951839 0.000592813
0.975684 0.951885 0.00059181
0.975789 0.951965 0.00059011
0.975775 0.951985 0.000589159
0.975759 0.952029 0.000588211
0.975876 0.952126 0.000586292
0.97586 0.952147 0.000585177
0.975842 0.952193 0.000584182
0.975946 0.952272 0.000582526
0.975931 0.952291 0.00058157
0.975916 0.952335 0.00058063
0.976033 0.952432 0.000578766
0.976017 0.952452 0.000577643
0.975998 0.952498 0.000576653
0.976102 0.952577 0.000575046
0.976087 0.952596 0.000574082
0.976071 0.95264 0.000573148
0.976171 0.952721 0.000571387
0.976158 0.952739 0.000570555
0.976145 0.952782 0.000569667
0.976274 0.952894 0.000567624
0.976256 0.952915 0.000566351
0.976234 0.952962 0.000565326
0.976322 0.953024 0.000563917
0.976311 0.953042 0.000563173
0.976299 0.953083 0.000562322
0.976441 0.953212 0.00056009
0.976421 0.953234 0.000558667
0.976396 0.953282 0.000557602
0.976467 0.953328 0.000556359
0.976444 0.953375 0.00055534
0.976533 0.953435 0.000553983
0.976521 0.953453 0.000553231
0.97651 0.953494 0.00055239
0.976634 0.953606 0.000550285
0.976617 0.953627 0.000549144
0.976597 0.953672 0.00054818
0.976682 0.953734 0.000546761
0.976672 0.953751 0.000546083
0.976662 0.953791 0.000545273
0.976798 0.953919 0.000542978
0.97678 0.95394 0.000541695
0.976757 0.953987 0.000540694
0.976845 0.954046 0.000539395
0.976833 0.954064 0.000538647
0.976821 0.954104 0.000537822
0.976945 0.954215 0.000535817
0.976928 0.954235 0.000534674
0.976908 0.95428 0.000533727
0.976992 0.95434 0.000532368
0.976982 0.954357 0.00053169
0.976971 0.954397 0.000530897
0.977107 0.954523 0.000528725
0.977088 0.954544 0.000527431
0.977065 0.95459 0.000526443
0.977133 0.954635 0.000525261
0.977112 0.954681 0.000524311
0.977197 0.95474 0.000523016
0.977186 0.954757 0.000522319
0.977175 0.954797 0.00052153
0.977296 0.954906 0.000519525
0.97728 0.954926 0.000518463
0.97726 0.954969 0.00051756
0.977343 0.955029 0.000516216
0.977332 0.955046 0.00051558
0.977323 0.955085 0.000514818
0.977455 0.955209 0.000512653
0.977437 0.95523 0.000511443
0.977415 0.955275 0.000510501
0.977501 0.955333 0.000509279
0.977489 0.95535 0.00050857
0.977478 0.955389 0.000507792
0.977598 0.955496 0.000505919
0.977582 0.955516 0.000504827
0.977562 0.95556 0.00050393
0.977644 0.955618 0.000502661
0.977634 0.955635 0.000502012
0.977623 0.955674 0.00050126
0.977756 0.955796 0.000499255
0.977737 0.955816 0.000498002
0.977714 0.955861 0.000497061
0.977781 0.955905 0.000495958
0.97776 0.955949 0.000495051
0.977843 0.956006 0.000493858
0.977832 0.956023 0.000493178
0.977821 0.956062 0.000492426
0.977939 0.956167 0.000490599
0.977923 0.956187 0.000489549
0.977904 0.95623 0.000488684
0.977985 0.956287 0.00048745
0.977974 0.956304 0.000486823
0.977964 0.956342 0.000486096
0.978095 0.956462 0.00048415
0.978077 0.956482 0.000482937
0.978054 0.956527 0.000482027
0.97812 0.956569 0.000480958
0.978099 0.956613 0.000480078
0.978181 0.956669 0.000478927
0.97817 0.956686 0.000478264
0.978159 0.956724 0.000477534
0.978276 0.956828 0.000475776
0.97826 0.956847 0.000474749
0.97824 0.956889 0.000473907
0.97832 0.956946 0.00047272
0.97831 0.956962 0.000472106
0.9783 0.957 0.000471399
0.978429 0.957118 0.00046954
0.978411 0.957138 0.000468344
0.978388 0.957182 0.000467456
0.978453 0.957224 0.000466427
0.978432 0.957267 0.000465568
0.978496 0.957309 0.00046452
0.978476 0.957352 0.000463688
0.978556 0.957407 0.000462547
0.978545 0.957423 0.00046193
0.978535 0.957461 0.000461234
0.978649 0.957563 0.000459486
0.978633 0.957582 0.000458532
0.978615 0.957623 0.000457732
0.978693 0.957679 0.000456564
0.978683 0.957695 0.000455988
0.978674 0.957732 0.000455312
0.978799 0.957848 0.000453467
0.978782 0.957868 0.000452349
0.97876 0.95791 0.000451504
0.978824 0.957952 0.000450502
0.978803 0.957994 0.000449682
0.978883 0.958048 0.000448605
0.978872 0.958064 0.000447984
0.978862 0.958101 0.000447302
0.978975 0.958202 0.000445666
0.978959 0.95822 0.000444698
0.97894 0.958261 0.000443909
0.979018 0.958316 0.000442808
0.979008 0.958332 0.000442226
0.978998 0.958368 0.000441563
0.979109 0.958469 0.000439875
0.979094 0.958487 0.000438973
0.979076 0.958527 0.000438212
0.979152 0.958582 0.000437091
0.979142 0.958597 0.000436543
0.979133 0.958633 0.000435898
0.979256 0.958747 0.000434127
0.979239 0.958766 0.000433062
0.979218 0.958808 0.000432255
0.97928 0.958849 0.000431297
0.97926 0.95889 0.000430513
0.979338 0.958943 0.000429487
0.979328 0.958958 0.000428889
0.979317 0.958995 0.000428236
0.979428 0.959093 0.000426684
0.979412 0.959111 0.000425748
0.979394 0.959151 0.00042499
0.97947 0.959205 0.000423946
0.97946 0.95922 0.000423381
0.97945 0.959256 0.000422745
0.979559 0.959354 0.000421153
0.979544 0.959371 0.000420273
0.979526 0.959411 0.000419541
0.979601 0.959465 0.000418481
0.979592 0.95948 0.000417947
0.979582 0.959515 0.000417326
0.979703 0.959626 0.000415672
0.979686 0.959645 0.000414623
0.979665 0.959686 0.000413843
0.979726 0.959725 0.000412936
0.979706 0.959766 0.000412175
0.979767 0.959806 0.000411257
0.979747 0.959846 0.000410515
0.979823 0.959898 0.000409531
0.979813 0.959913 0.000408967
0.979803 0.959949 0.000408347
0.979911 0.960044 0.00040686
0.979896 0.960062 0.000405973
0.979878 0.960101 0.000405254
0.979952 0.960153 0.000404258
0.979943 0.960168 0.000403721
0.979933 0.960203 0.000403115
0.980039 0.960299 0.000401601
0.980025 0.960316 0.000400761
0.980007 0.960355 0.000400062
0.98008 0.960407 0.000399057
0.980071 0.960422 0.000398544
0.980062 0.960456 0.000397952
0.98018 0.960564 0.000396394
0.980164 0.960583 0.000395381
0.980143 0.960623 0.000394634
0.980203 0.960662 0.000393775
0.980183 0.960701 0.000393046
0.980242 0.96074 0.000392177
0.980223 0.960779 0.000391464
0.980281 0.960819 0.000390587
0.980263 0.960857 0.000389889
0.980337 0.960908 0.000388947
0.980327 0.960923 0.000388418
0.980317 0.960957 0.000387832
0.980422 0.961051 0.000386411
0.980407 0.961068 0.000385577
0.98039 0.961106 0.000384897
0.980462 0.961157 0.000383949
0.980453 0.961172 0.000383441
0.980443 0.961206 0.000382868
0.980547 0.961299 0.000381431
0.980533 0.961316 0.000380633
0.980516 0.961353 0.000379971
0.980587 0.961404 0.000379019
0.980578 0.961418 0.00037853
0.980569 0.961452 0.000377968
0.980671 0.961545 0.000376521
0.980657 0.961562 0.000375755
0.980641 0.961599 0.000375108
0.980711 0.96165 0.000374156
0.980702 0.961664 0.000373684
0.980694 0.961697 0.000373132
0.980808 0.961802 0.000371652
0.980792 0.96182 0.000370718
0.980772 0.961859 0.000370024
0.98083 0.961896 0.000369217
0.980811 0.961934 0.000368537
0.980868 0.961972 0.000367723
0.980849 0.96201 0.000367056
0.980906 0.962048 0.000366236
0.980888 0.962085 0.000365581
0.98096 0.962134 0.000364706
0.98095 0.962149 0.000364204
0.98094 0.962182 0.000363654
0.981042 0.962272 0.000362344
0.981028 0.962289 0.000361546
0.981011 0.962326 0.000360906
0.981081 0.962375 0.000360032
0.981072 0.962389 0.000359545
0.981063 0.962422 0.000359004
0.981163 0.962512 0.000357692
0.981149 0.962529 0.000356919
0.981133 0.962565 0.000356291
0.981202 0.962614 0.000355419
0.981193 0.962628 0.000354946
0.981184 0.962661 0.000354415
0.981284 0.96275 0.000353103
0.98127 0.962767 0.000352352
0.981254 0.962803 0.000351737
0.981323 0.962852 0.000350869
0.981314 0.962866 0.000350407
0.981305 0.962898 0.000349885
0.981403 0.962987 0.000348576
0.98139 0.963003 0.000347845
0.981374 0.963039 0.000347241
0.981442 0.963088 0.000346379
0.981433 0.963101 0.000345928
0.981425 0.963134 0.000345414
0.981522 0.963222 0.000344111
0.981509 0.963238 0.000343398
0.981493 0.963274 0.000342805
0.981561 0.963322 0.000341948
0.981552 0.963336 0.000341507
0.981544 0.963368 0.000341001
0.981641 0.963456 0.000339707
0.981627 0.963472 0.000339009
0.981612 0.963507 0.000338425
0.981679 0.963555 0.000337576
0.98167 0.963569 0.000337144
0.981662 0.9636 0.000336645
0.981758 0.963688 0.000335361
0.981745 0.963704 0.000334678
0.98173 0.963739 0.000334103
0.981796 0.963786 0.000333262
0.981788 0.9638 0.000332838
0.981779 0.963831 0.000332346
0.981875 0.963918 0.000331075
0.981862 0.963934 0.000330403
0.981847 0.963969 0.000329837
0.981913 0.964016 0.000329005
0.981904 0.96403 0.000328588
0.981896 0.964061 0.000328103
0.981991 0.964147 0.000326846
0.981978 0.964163 0.000326184
0.981963 0.964197 0.000325626
0.982028 0.964245 0.000324805
0.98202 0.964258 0.000324393
0.982012 0.964289 0.000323915
0.982106 0.964375 0.000322673
0.982093 0.96439 0.00032202
0.982078 0.964424 0.00032147
0.982143 0.964471 0.00032066
0.982135 0.964485 0.000320253
0.982127 0.964515 0.000319781
0.982221 0.964601 0.000318557
0.982208 0.964616 0.000317911
0.982193 0.96465 0.000317367
0.982258 0.964697 0.000316569
0.98225 0.96471 0.000316166
0.982242 0.96474 0.0003157
0.982335 0.964825 0.000314496
0.982322 0.964841 0.000313856
0.982307 0.964874 0.000313318
0.982371 0.964921 0.000312533
0.982363 0.964934 0.000312133
0.982355 0.964964 0.000311672
0.982448 0.965048 0.000310489
0.982435 0.965063 0.000309853
0.98242 0.965097 0.000309322
0.982484 0.965143 0.000308549
0.982476 0.965156 0.000308152
0.982468 0.965186 0.000307697
0.98256 0.96527 0.000306537
0.982548 0.965285 0.000305903
0.982533 0.965319 0.000305377
0.982597 0.965364 0.000304618
0.982588 0.965377 0.000304223
0.98258 0.965407 0.000303773
0.982672 0.96549 0.000302637
0.982659 0.965505 0.000302005
0.982644 0.965538 0.000301483
0.982708 0.965584 0.000300739
0.9827 0.965596 0.000300346
0.982692 0.965626 0.0002999
0.982783 0.965709 0.000298789
0.98277 0.965724 0.000298157
0.982755 0.965757 0.00029764
0.982819 0.965802 0.000296912
0.98281 0.965815 0.000296518
0.982802 0.965844 0.000296077
0.982893 0.965926 0.000294993
0.982881 0.965941 0.00029436
0.982865 0.965974 0.000293846
0.982929 0.966018 0.000293134
0.98292 0.966031 0.000292741
0.982912 0.966061 0.000292303
0.983003 0.966142 0.000291248
0.98299 0.966157 0.000290612
0.982975 0.96619 0.000290102
0.983038 0.966234 0.000289407
0.98303 0.966246 0.000289012
0.983021 0.966276 0.000288578
0.983112 0.966356 0.000287553
0.983099 0.966371 0.000286913
0.983084 0.966404 0.000286406
0.983147 0.966447 0.000285729
0.983138 0.96646 0.000285332
0.98313 0.96649 0.000284902
0.983208 0.966559 0.000283926
0.983198 0.966572 0.000283432
0.983186 0.966603 0.000282974
0.983257 0.966659 0.000282174
0.983248 0.966672 0.00028172
0.983237 0.966702 0.000281276
0.983306 0.966759 0.000280438
0.983297 0.966772 0.00028002
0.983287 0.966801 0.000279589
0.983367 0.966868 0.000278683
0.983356 0.966882 0.00027816
0.983343 0.966914 0.000277699
0.983402 0.966958 0.000276978
0.983395 0.96697 0.000276645
0.983388 0.966998 0.000276244
0.983485 0.967089 0.000275126
0.983472 0.967104 0.000274456
0.983455 0.967137 0.000273953
0.983505 0.967169 0.000273358
0.983488 0.967202 0.000272858
0.983538 0.967234 0.000272265
0.983521 0.967267 0.000271768
0.983571 0.967299 0.000271177
0.983554 0.967332 0.000270682
0.983603 0.967364 0.000270093
0.983587 0.967397 0.000269601
0.983636 0.967429 0.000269014
0.98362 0.967461 0.000268524
0.983669 0.967493 0.000267939
0.983653 0.967526 0.000267451
0.983702 0.967558 0.000266869
0.983685 0.96759 0.000266383
0.983734 0.967622 0.000265803
0.983718 0.967655 0.000265319
0.983767 0.967686 0.000264741
0.983751 0.967719 0.00026426
0.983799 0.96775 0.000263684
0.983783 0.967783 0.000263205
0.983831 0.967814 0.000262631
0.983815 0.967847 0.000262154
0.983864 0.967878 0.000261583
0.983848 0.96791 0.000261107
0.983896 0.967942 0.000260539
0.98388 0.967974 0.000260065
0.983928 0.968005 0.000259499
0.983912 0.968037 0.000259026
0.98396 0.968069 0.000258464
0.983944 0.968101 0.000257992
0.983992 0.968132 0.000257433
0.983976 0.968164 0.000256963
0.984025 0.968195 0.000256406
0.984008 0.968227 0.000255937
0.984056 0.968258 0.000255383
0.98404 0.96829 0.000254916
0.984088 0.968321 0.000254365
0.984072 0.968353 0.000253898
0.98412 0.968384 0.00025335
0.984104 0.968416 0.000252885
0.984152 0.968446 0.00025234
0.984136 0.968478 0.000251876
0.984184 0.968509 0.000251335
0.984167 0.968541 0.000250871
0.984215 0.968571 0.000250333
0.984199 0.968603 0.00024987
0.984247 0.968634 0.000249336
0.984231 0.968665 0.000248873
0.984278 0.968696 0.000248342
0.984262 0.968727 0.000247881
0.98431 0.968758 0.000247353
0.984293 0.968789 0.000246892
0.984341 0.96882 0.000246368
0.984325 0.968851 0.000245907
0.984373 0.968881 0.000245387
0.984356 0.968913 0.000244927
0.984404 0.968943 0.00024441
0.984387 0.968975 0.00024395
0.984435 0.969004 0.000243437
0.984418 0.969036 0.000242977
0.984466 0.969066 0.000242468
0.984449 0.969097 0.000242008
0.984497 0.969127 0.000241503
0.98448 0.969159 0.000241043
0.984529 0.969188 0.000240542
0.984511 0.96922 0.000240082
0.98456 0.969249 0.000239585
0.984542 0.969281 0.000239125
0.98459 0.96931 0.000238633
0.984573 0.969342 0.000238172
0.984621 0.969371 0.000237684
0.984604 0.969402 0.000237223
0.984652 0.969431 0.000236739
0.984634 0.969463 0.000236277
0.984683 0.969492 0.000235798
0.984665 0.969523 0.000235336
0.984714 0.969552 0.000234861
0.984708 0.969563 0.000234605
0.984699 0.969605 0.000234193
0.984728 0.969613 0.000233817
0.98473 0.969695 0.00023316
0.984745 0.969695 0.000232784
0.984773 0.969703 0.000232418
0.984777 0.969784 0.000231735
0.984792 0.969784 0.000231384
0.984819 0.969793 0.000231028
0.984825 0.969888 0.0002303
0.984841 0.969887 0.000229854
0.984871 0.969894 0.00022947
0.984871 0.969962 0.00022889
0.984884 0.969963 0.000228604
0.984909 0.969973 0.000228271
0.98492 0.970079 0.000227408
0.984937 0.970078 0.000226943
0.984968 0.970085 0.000226557
0.984967 0.970152 0.000226001
0.98498 0.970153 0.000225705
0.985005 0.970163 0.000225372
0.985015 0.970269 0.000224556
0.985033 0.970267 0.00022407
0.985064 0.970274 0.000223681
0.985062 0.970341 0.000223151
0.985075 0.970342 0.000222844
0.985101 0.970351 0.00022251
0.985109 0.970443 0.000221755
0.985124 0.970443 0.000221367
0.985152 0.970451 0.00022101
0.985154 0.97053 0.000220399
0.985169 0.97053 0.000220036
0.985196 0.970538 0.000219688
0.9852 0.970617 0.000219054
0.985214 0.970617 0.000218714
0.98524 0.970626 0.000218375
0.985245 0.970704 0.00021772
0.985259 0.970704 0.000217401
0.985284 0.970713 0.00021707
0.985291 0.970805 0.00021637
0.985306 0.970804 0.000215963
0.985335 0.970811 0.000215607
0.985336 0.970876 0.000215055
0.985348 0.970877 0.000214792
0.985372 0.970887 0.000214481
0.985385 0.971004 0.000213645
0.985403 0.971002 0.000213104
0.985436 0.971007 0.00021271
0.985432 0.971059 0.00021226
0.985465 0.971064 0.000211863
0.985461 0.971116 0.000211419
0.985494 0.971121 0.00021102
0.985489 0.971174 0.000210582
0.985523 0.971178 0.000210181
0.985518 0.971231 0.000209748
0.985552 0.971235 0.000209345
0.985547 0.971288 0.000208918
0.985581 0.971292 0.000208512
0.985575 0.971345 0.000208092
0.985587 0.971346 0.000207866
0.985623 0.971363 0.000207501
0.985613 0.97139 0.000207169
0.985674 0.971437 0.000206592
0.985666 0.971448 0.000206256
0.985657 0.971474 0.000205932
0.985716 0.971522 0.000205334
0.985708 0.971533 0.000205018
0.9857 0.971559 0.000204702
0.985758 0.971607 0.000204086
0.98575 0.971618 0.000203789
0.985743 0.971643 0.000203479
0.98581 0.971701 0.000202823
0.985801 0.971712 0.000202443
0.98579 0.971739 0.000202109
0.985841 0.971777 0.000201593
0.985834 0.971787 0.000201346
0.985828 0.971811 0.000201055
0.985912 0.971888 0.000200277
0.9859 0.971901 0.000199766
0.985885 0.971929 0.000199395
0.985928 0.971956 0.000198976
0.985913 0.971985 0.000198603
0.985956 0.972012 0.00019819
0.985941 0.97204 0.000197814
0.985985 0.972067 0.000197407
0.985969 0.972096 0.000197028
0.986013 0.972122 0.000196628
0.985996 0.972151 0.000196245
0.986041 0.972177 0.000195852
0.986035 0.972187 0.000195637
0.986027 0.972225 0.000195295
0.986054 0.972232 0.000194982
0.986056 0.972307 0.000194446
0.98607 0.972307 0.000194124
0.986095 0.972315 0.000193818
0.986098 0.972389 0.000193264
0.986112 0.972389 0.00019296
0.986137 0.972397 0.000192661
0.98614 0.972471 0.000192091
0.986153 0.972471 0.000191804
0.986178 0.972479 0.000191511
0.986183 0.972565 0.000190909
0.986198 0.972564 0.00019054
0.986226 0.972571 0.000190223
0.986225 0.972632 0.000189746
0.986237 0.972633 0.000189507
0.98626 0.972642 0.000189231
0.98627 0.972739 0.00018853
0.986285 0.972738 0.000188135
0.986314 0.972744 0.000187814
0.986312 0.972806 0.000187364
0.986324 0.972806 0.000187111
0.986347 0.972815 0.000186833
0.986355 0.972899 0.000186198
0.986369 0.972899 0.000185874
0.986394 0.972906 0.000185576
0.986396 0.972979 0.000185066
0.98641 0.972979 0.00018476
0.986435 0.972986 0.000184469
0.986437 0.973059 0.000183943
0.986451 0.973059 0.000183654
0.986475 0.973066 0.000183369
0.986479 0.973138 0.000182828
0.986491 0.973138 0.000182554
0.986515 0.973146 0.000182275
0.98652 0.97323 0.000181706
0.986535 0.97323 0.000181352
0.986562 0.973236 0.00018105
0.986561 0.973296 0.000180599
0.986573 0.973297 0.000180369
0.986595 0.973305 0.000180106
0.986605 0.9734 0.000179447
0.98662 0.973399 0.000179066
0.986648 0.973405 0.000178758
0.986646 0.973465 0.000178336
0.986658 0.973466 0.000178091
0.986681 0.973474 0.000177825
0.986687 0.973556 0.000177229
0.986701 0.973556 0.000176915
0.986727 0.973563 0.00017663
0.986728 0.973621 0.000176169
0.986739 0.973622 0.000175962
0.986774 0.973637 0.00017566
0.986763 0.973662 0.00017537
0.986811 0.973697 0.000174929
0.986805 0.973706 0.00017471
0.986799 0.973729 0.000174456
0.986868 0.973792 0.000173809
0.986858 0.973803 0.000173447
0.986847 0.973828 0.000173151
0.986896 0.973862 0.000172737
0.986889 0.973872 0.000172504
0.986882 0.973895 0.000172248
0.986943 0.973948 0.000171665
0.986935 0.973959 0.000171365
0.986926 0.973983 0.00017109
0.986982 0.974026 0.000170624
0.986974 0.974036 0.000170339
0.986965 0.97406 0.000170071
0.98702 0.974103 0.000169591
0.987012 0.974113 0.00016932
0.987004 0.974137 0.000169057
0.987058 0.97418 0.000168566
0.987051 0.97419 0.000168308
0.987043 0.974213 0.00016805
0.987096 0.974257 0.000167547
0.987089 0.974267 0.000167302
0.987082 0.97429 0.000167048
0.987143 0.974341 0.000166519
0.987135 0.974352 0.000166201
0.987125 0.974376 0.000165927
0.987171 0.97441 0.000165511
0.987165 0.974419 0.000165303
0.987159 0.974441 0.000165063
0.987226 0.974502 0.000164454
0.987217 0.974514 0.000164109
0.987206 0.974538 0.000163828
0.987253 0.974571 0.00016344
0.987247 0.974581 0.000163217
0.98724 0.974603 0.000162974
0.9873 0.974655 0.000162429
0.987292 0.974665 0.000162141
0.987283 0.974688 0.00016188
0.987327 0.974722 0.000161459
0.987322 0.974731 0.000161268
0.987313 0.974767 0.000160993
0.987339 0.974773 0.000160726
0.987338 0.974829 0.000160325
0.987349 0.97483 0.000160123
0.98737 0.974838 0.00015989
0.987379 0.974928 0.000159305
0.987393 0.974927 0.000158967
0.987419 0.974932 0.000158695
0.987417 0.974989 0.000158322
0.987429 0.974989 0.000158103
0.98745 0.974997 0.000157868
0.987456 0.975075 0.000157344
0.987469 0.975074 0.000157062
0.987494 0.975081 0.000156808
0.987494 0.975136 0.000156403
0.987505 0.975137 0.000156216
0.987525 0.975145 0.000155993
0.987536 0.975244 0.000155384
0.987551 0.975242 0.000154993
0.987579 0.975247 0.000154709
0.987576 0.975292 0.000154385
0.987604 0.975296 0.000154096
0.9876 0.975341 0.00015378
0.987629 0.975344 0.000153486
0.987624 0.975389 0.000153178
0.987634 0.975391 0.000153012
0.987665 0.975405 0.000152745
0.987657 0.975428 0.000152501
0.987709 0.975468 0.000152087
0.987702 0.975478 0.000151833
0.987693 0.975501 0.000151594
0.987745 0.975541 0.00015117
0.987738 0.975551 0.000150926
0.98773 0.975573 0.000150691
0.987781 0.975614 0.000150258
0.987774 0.975623 0.000150025
0.987767 0.975645 0.000149794
0.987817 0.975686 0.000149353
0.98781 0.975696 0.00014913
0.987803 0.975717 0.000148903
0.987862 0.975766 0.000148443
0.987854 0.975776 0.000148151
0.987844 0.975799 0.000147905
0.987888 0.975831 0.000147542
0.987882 0.97584 0.00014735
0.987876 0.975861 0.000147135
0.987941 0.975918 0.000146612
0.987931 0.975929 0.00014629
0.98792 0.975952 0.000146037
0.987956 0.975976 0.000145716
0.987944 0.975999 0.000145459
0.98798 0.976023 0.000145145
0.987968 0.976047 0.000144883
0.988004 0.97607 0.000144577
0.987992 0.976094 0.00014431
0.988029 0.976117 0.000144012
0.988015 0.976142 0.000143739
0.988053 0.976164 0.000143449
0.988048 0.976172 0.000143295
0.988042 0.976205 0.000143045
0.988064 0.976211 0.000142818
0.988066 0.976275 0.000142427
0.988078 0.976275 0.000142191
0.9881 0.976282 0.000141968
0.988102 0.976345 0.00014157
0.988113 0.976345 0.000141343
0.988135 0.976352 0.000141124
0.988138 0.976415 0.000140718
0.988149 0.976415 0.0001405
0.98817 0.976422 0.000140284
0.988173 0.976485 0.000139872
0.988184 0.976485 0.000139663
0.988205 0.976492 0.00013945
0.988209 0.976554 0.000139031
0.98822 0.976554 0.00013883
0.98824 0.976561 0.000138621
0.988245 0.976634 0.000138182
0.988258 0.976634 0.000137919
0.988281 0.97664 0.000137692
0.988281 0.976692 0.000137349
0.988291 0.976692 0.000137175
0.98831 0.9767 0.000136976
0.988318 0.976783 0.00013648
0.988331 0.976782 0.000136188
0.988355 0.976787 0.000135954
0.988354 0.976828 0.000135655
0.988379 0.976832 0.000135417
0.988377 0.976873 0.000135124
0.988402 0.976878 0.000134881
0.988399 0.976919 0.000134596
0.988425 0.976923 0.000134348
0.988422 0.976965 0.00013407
0.988448 0.976969 0.000133817
0.988444 0.977011 0.000133547
0.988453 0.977012 0.000133404
0.988483 0.977026 0.000133171
0.988475 0.977047 0.00013296
0.988524 0.977084 0.000132599
0.988517 0.977094 0.000132378
0.988509 0.977115 0.00013217
0.988557 0.977152 0.000131802
0.988551 0.977162 0.000131589
0.988543 0.977182 0.000131384
0.988591 0.97722 0.00013101
0.988584 0.977229 0.000130805
0.988577 0.97725 0.000130603
0.988625 0.977288 0.000130224
0.988618 0.977297 0.000130026
0.988611 0.977317 0.000129827
0.988658 0.977355 0.000129443
0.988652 0.977364 0.000129251
0.988645 0.977384 0.000129056
0.9887 0.977429 0.000128656
0.988692 0.977439 0.000128404
0.988683 0.97746 0.000128192
0.988724 0.97749 0.000127878
0.988718 0.977498 0.000127712
0.988713 0.977517 0.000127526
0.988773 0.977571 0.000127077
0.988764 0.97758 0.000126795
0.988754 0.977602 0.000126575
0.988787 0.977624 0.0001263
0.988776 0.977647 0.000126075
0.98881 0.977668 0.000125807
0.988798 0.977691 0.000125577
0.988833 0.977712 0.000125317
0.98882 0.977735 0.000125081
0.988855 0.977756 0.000124829
0.988851 0.977763 0.000124695
0.988845 0.977794 0.000124478
0.988866 0.9778 0.000124281
0.988867 0.97786 0.000123943
0.988878 0.977859 0.000123737
0.988899 0.977866 0.000123543
0.9889 0.977925 0.0001232
0.988911 0.977925 0.000123
0.988932 0.977931 0.000122809
0.988934 0.97799 0.000122461
0.988945 0.97799 0.000122268
0.988965 0.977996 0.00012208
0.988967 0.978055 0.000121727
0.988978 0.978055 0.00012154
0.988997 0.978061 0.000121355
0.989 0.97812 0.000120998
0.989011 0.97812 0.000120817
0.98903 0.978126 0.000120634
0.989033 0.978184 0.000120274
0.989043 0.978184 0.000120098
0.989062 0.978191 0.000119918
0.989067 0.978259 0.000119543
0.989078 0.978258 0.000119312
0.9891 0.978264 0.000119115
0.9891 0.978312 0.000118823
0.989109 0.978313 0.00011867
0.989127 0.97832 0.000118497
0.989134 0.978397 0.000118079
0.989147 0.978396 0.000117818
0.989169 0.9784 0.000117614
0.989168 0.978438 0.000117359
0.989191 0.978443 0.00011715
0.989189 0.978481 0.000116901
0.989213 0.978485 0.000116688
0.98921 0.978524 0.000116447
0.989234 0.978527 0.000116227
0.98923 0.978566 0.000115995
0.989239 0.978567 0.000115869
0.989266 0.97858 0.000115668
0.989259 0.9786 0.000115484
0.989296 0.978629 0.000115185
0.989292 0.978636 0.000115049
0.989284 0.978666 0.000114854
0.989306 0.978671 0.000114664
0.989305 0.978719 0.000114384
0.989314 0.97872 0.000114236
0.989332 0.978727 0.000114069
0.989339 0.978802 0.000113669
0.989351 0.978801 0.000113417
0.989374 0.978805 0.00011322
0.989372 0.978843 0.000112975
0.989395 0.978847 0.000112773
0.989393 0.978885 0.000112535
0.989416 0.978889 0.000112328
0.989413 0.978927 0.000112098
0.989437 0.97893 0.000111886
0.989433 0.978969 0.000111663
0.989442 0.97897 0.000111541
0.989469 0.978982 0.000111348
0.989461 0.979001 0.00011117
0.989498 0.979029 0.000110885
0.989493 0.979037 0.000110752
0.989489 0.979055 0.000110594
0.989544 0.979105 0.000110178
0.989536 0.979114 0.000109954
0.989527 0.979134 0.00010977
0.989566 0.979161 0.000109509
0.989561 0.979169 0.000109361
0.989555 0.979187 0.0001092
0.989604 0.979229 0.000108838
0.989597 0.979237 0.000108644
0.98959 0.979257 0.00010847
0.989627 0.979284 0.000108193
0.989622 0.979292 0.000108063
0.989618 0.979309 0.000107908
0.989672 0.979359 0.000107506
0.989664 0.979368 0.000107285
0.989655 0.979387 0.000107104
0.989693 0.979414 0.000106852
0.989688 0.979422 0.000106706
0.989683 0.97944 0.000106549
0.989731 0.979481 0.000106199
0.989725 0.97949 0.000106007
0.989717 0.979509 0.000105836
0.989753 0.979536 0.000105569
0.989749 0.979543 0.000105439
0.989744 0.979561 0.000105288
