0 0 1
0.157887 0 0.771296
0.158422 0.0242953 0.708318
0.22683 0.0310201 0.639537
0.225931 0.0429678 0.605707
0.233108 0.057137 0.588907
0.245351 0.0533194 0.574225
0.255922 0.0707477 0.55641
0.265793 0.0656293 0.541576
0.804369 0.643563 0.0394587
0.803669 0.644235 0.0388178
0.803535 0.644557 0.0387221
0.803845 0.646508 0.0384882
0.804335 0.646442 0.0383112
0.804997 0.646741 0.0381897
0.804933 0.647489 0.0380693
0.80567 0.64774 0.0379503
0.805521 0.648538 0.0378328
0.805797 0.648601 0.0377648
0.808139 0.650672 0.0373946
0.807752 0.651143 0.0371336
0.807629 0.651915 0.0370188
0.807894 0.651983 0.0369551
0.81046 0.654334 0.0365561
0.810036 0.654824 0.0362644
0.809882 0.655604 0.036154
0.810157 0.655664 0.0360881
0.812439 0.657681 0.0357434
0.812052 0.658144 0.0354894
0.811931 0.658895 0.0353812
0.812191 0.658961 0.0353203
0.814681 0.661259 0.0349413
0.814265 0.661736 0.0346643
0.814121 0.662492 0.0345601
0.814388 0.66255 0.0344977
0.816591 0.66453 0.0341639
0.816219 0.664976 0.0339285
0.816113 0.6657 0.0338261
0.816363 0.665766 0.0337691
0.819038 0.668293 0.0333878
0.818583 0.668786 0.033079
0.818524 0.669038 0.0330225
0.819522 0.672534 0.0326569
0.820167 0.672355 0.0323501
0.820416 0.672417 0.0322947
0.823029 0.674878 0.0319431
0.822572 0.675365 0.0316394
0.822514 0.675611 0.0315857
0.82349 0.679013 0.0312324
0.824116 0.678842 0.0309458
0.824354 0.678905 0.0308943
0.826862 0.68133 0.0305389
0.826435 0.681792 0.0302695
0.826386 0.682027 0.0302205
0.827491 0.685658 0.0298436
0.828123 0.685479 0.0295513
0.828358 0.685539 0.0295016
0.830799 0.687903 0.029169
0.830376 0.688356 0.0289088
0.830329 0.688584 0.0288626
0.83152 0.692447 0.0284895
0.83218 0.692248 0.0281712
0.832417 0.692301 0.028122
0.834564 0.694347 0.0278313
0.834187 0.694767 0.0276153
0.834082 0.695411 0.0275367
0.834314 0.695466 0.0274896
0.836658 0.697738 0.0271907
0.83624 0.698178 0.0269425
0.836194 0.698396 0.0269003
0.837356 0.702093 0.0265391
0.837976 0.701912 0.0262603
0.838197 0.701969 0.0262169
0.840672 0.704443 0.025908
0.840233 0.704889 0.0256471
0.840183 0.705104 0.025606
0.84129 0.708709 0.0252775
0.841908 0.708526 0.0250012
0.842123 0.708581 0.02496
0.844516 0.710997 0.0246637
0.844092 0.711428 0.0244203
0.844046 0.711635 0.0243823
0.845244 0.715427 0.0240473
0.845872 0.715234 0.0237625
0.846085 0.715286 0.0237228
0.848411 0.717635 0.0234486
0.84799 0.718057 0.0232131
0.847946 0.718258 0.0231774
0.849122 0.721933 0.0228496
0.849722 0.721753 0.0225909
0.849924 0.721807 0.0225546
0.85235 0.724337 0.0222687
0.851919 0.724759 0.0220294
0.851873 0.724955 0.0219952
0.853008 0.728526 0.0216882
0.853595 0.72835 0.021442
0.853789 0.728403 0.0214081
0.856319 0.731095 0.0211226
0.855869 0.731521 0.0208719
0.855819 0.731714 0.0208389
0.856902 0.735186 0.0205591
0.857483 0.73501 0.0203182
0.857672 0.735062 0.0202864
0.860106 0.737686 0.0200096
0.859676 0.738095 0.0197807
0.859632 0.738279 0.0197505
0.860801 0.741896 0.0194603
0.86138 0.741717 0.0192221
0.861564 0.741768 0.0191921
0.863908 0.744322 0.018927
0.863495 0.744715 0.0187162
0.863455 0.744892 0.0186884
0.864791 0.748896 0.0183884
0.865403 0.748695 0.0181216
0.865588 0.748739 0.0180919
0.867701 0.751 0.0178658
0.867314 0.751371 0.01768
0.867281 0.751539 0.0176549
0.868795 0.755887 0.017332
0.869417 0.755676 0.0170563
0.8696 0.755717 0.0170279
0.871641 0.757905 0.0168197
0.871262 0.758266 0.0166426
0.87123 0.758428 0.0166194
0.872796 0.762859 0.0162986
0.873414 0.762647 0.0160283
0.873591 0.762687 0.0160017
0.875546 0.764812 0.0158015
0.875185 0.765157 0.0156415
0.875104 0.76562 0.0156025
0.875284 0.765656 0.0155758
0.877224 0.767742 0.0153907
0.876854 0.768089 0.0152264
0.876826 0.768242 0.0152057
0.878591 0.773123 0.0148846
0.879239 0.772889 0.0145863
0.879415 0.772922 0.0145609
0.881282 0.774934 0.0143913
0.880921 0.77527 0.0142363
0.880843 0.77571 0.0142015
0.881015 0.775744 0.0141771
0.882842 0.777735 0.0140068
0.882494 0.778061 0.0138616
0.882423 0.77849 0.0138275
0.88259 0.778526 0.0138044
0.884525 0.780671 0.0136283
0.884159 0.781005 0.0134728
0.884133 0.781148 0.0134547
0.885958 0.786118 0.0131489
0.886594 0.785885 0.0128637
0.886758 0.785917 0.0128416
0.888618 0.78798 0.0126821
0.888259 0.788304 0.0125351
0.888185 0.788714 0.0125052
0.888348 0.788745 0.0124836
0.890175 0.790778 0.0123285
0.889822 0.791097 0.0121863
0.889752 0.791499 0.0121573
0.889911 0.79153 0.0121365
0.8917 0.793539 0.0119816
0.891358 0.793849 0.011848
0.891294 0.794241 0.0118196
0.891449 0.794273 0.0118
0.893331 0.796422 0.0116402
0.892975 0.796737 0.0114989
0.892951 0.796867 0.0114839
0.894878 0.801981 0.0111884
0.895493 0.801752 0.0109242
0.895642 0.801782 0.010906
0.897432 0.803849 0.0107558
0.897095 0.804148 0.0106292
0.897035 0.804517 0.0106042
0.897182 0.804547 0.0105866
0.899064 0.806738 0.010437
0.898707 0.807045 0.0102999
0.898684 0.807168 0.0102865
0.900649 0.812338 0.0100074
0.901253 0.81211 0.00975312
0.901394 0.812139 0.00973704
0.903174 0.814243 0.00959443
0.902842 0.814531 0.00947474
0.902785 0.814877 0.00945278
0.902924 0.814905 0.00943717
0.90479 0.81712 0.00929726
0.904438 0.817418 0.00916697
0.904416 0.817533 0.00915529
0.906476 0.822883 0.00888663
0.907077 0.822652 0.00863658
0.90721 0.822679 0.00862235
0.908969 0.824799 0.00849001
0.908641 0.825077 0.00837689
0.908589 0.8254 0.00835779
0.90872 0.825426 0.00834404
0.910553 0.827648 0.0082137
0.91021 0.827932 0.00809249
0.91019 0.828039 0.00808238
0.912391 0.833658 0.00781963
0.912989 0.833424 0.00757251
0.913114 0.833448 0.00756001
0.914838 0.835565 0.00743846
0.914517 0.83583 0.00733346
0.91447 0.83613 0.00731697
0.914592 0.836154 0.00730506
0.916373 0.838366 0.00718234
0.916045 0.838634 0.00707394
0.915995 0.838929 0.00705826
0.916117 0.838952 0.00704651
0.917869 0.841119 0.00693147
0.917541 0.841385 0.00682414
0.917491 0.841675 0.0068091
0.917611 0.841697 0.00679774
0.919324 0.843826 0.00668556
0.919005 0.844086 0.00658365
0.918958 0.844369 0.00656909
0.919075 0.844391 0.00655834
0.920837 0.846608 0.00644435
0.920513 0.846867 0.0063409
0.920465 0.847146 0.00632703
0.920581 0.847167 0.00631652
0.922308 0.84934 0.00620805
0.921988 0.849596 0.00610759
0.921942 0.849868 0.00609424
0.922055 0.849889 0.0060842
0.923739 0.852025 0.00597666
0.92343 0.852272 0.00588332
0.92339 0.852536 0.00587036
0.923499 0.852558 0.00586096
0.925307 0.854889 0.00574926
0.924982 0.855143 0.00564781
0.924967 0.855231 0.00564105
0.927472 0.861387 0.00540027
0.928041 0.861157 0.00517915
0.928144 0.861177 0.00517082
0.929901 0.863475 0.00506772
0.929588 0.863717 0.00497524
0.929547 0.86396 0.00496461
0.929649 0.863979 0.00495645
0.931369 0.866226 0.0048597
0.931059 0.866464 0.00476943
0.931019 0.866702 0.00475926
0.931119 0.86672 0.00475148
0.932793 0.868922 0.00465626
0.932494 0.869152 0.00457253
0.932459 0.869382 0.0045627
0.932555 0.869401 0.00455544
0.934325 0.871765 0.00445677
0.934017 0.871999 0.00436888
0.933978 0.872226 0.00435967
0.934074 0.872243 0.00435251
0.935735 0.87445 0.0042621
0.935441 0.874674 0.00418198
0.935408 0.874894 0.00417304
0.935499 0.874912 0.00416644
0.937315 0.877369 0.0040712
0.937002 0.877601 0.00398259
0.936989 0.877673 0.00397796
0.939742 0.884266 0.00376371
0.940281 0.884041 0.00356712
0.940365 0.884058 0.00356152
0.942142 0.886513 0.00347271
0.941844 0.886731 0.00339362
0.941811 0.886929 0.00338661
0.941895 0.886944 0.00338109
0.943568 0.889243 0.00330068
0.943282 0.889453 0.00322767
0.943252 0.889644 0.00322094
0.943333 0.88966 0.00321585
0.945128 0.892163 0.00313259
0.944828 0.892378 0.0030543
0.944817 0.892441 0.00305083
0.947843 0.899549 0.00285091
0.948367 0.899326 0.00266652
0.94844 0.899341 0.00266234
0.950256 0.901933 0.00258531
0.949963 0.902139 0.00251218
0.949953 0.902195 0.00250935
0.953103 0.909522 0.00232395
0.95361 0.909305 0.00215251
0.953675 0.909318 0.00214917
0.955508 0.912002 0.00207833
0.955225 0.912196 0.0020115
0.955216 0.912246 0.00200927
0.958502 0.919802 0.0018377
0.958985 0.919592 0.0016826
0.959042 0.919604 0.00168004
0.960911 0.922417 0.00161499
0.960638 0.922599 0.00155449
0.96063 0.922643 0.00155278
0.964075 0.930476 0.0013977
0.964534 0.930274 0.00125809
0.964584 0.930284 0.00125619
0.966472 0.933206 0.00119857
0.966213 0.933374 0.0011453
0.966206 0.933412 0.00114406
0.969819 0.94153 0.00100688
0.970249 0.941339 0.000885331
0.97029 0.941347 0.000884017
0.972202 0.944391 0.000834445
0.971958 0.944544 0.000788866
0.971953 0.944575 0.000788024
0.975686 0.952863 0.000672271
0.976076 0.952688 0.000572498
0.976109 0.952695 0.000571664
0.978047 0.955877 0.000530703
0.977823 0.956013 0.00049338
0.977819 0.956037 0.000492859
0.981568 0.964268 0.000402487
0.981907 0.964114 0.000327432
0.981932 0.964119 0.000326967
0.983844 0.96736 0.000295634
0.983649 0.967475 0.000268182
0.983646 0.967492 0.000267903
0.987296 0.975408 0.000204188
0.987573 0.97528 0.000154476
0.987589 0.975284 0.00015426
0.989367 0.978389 0.000133985
0.989211 0.978478 0.000116763
0.989209 0.97849 0.000116643
