0 0 1
0.2 0 0.8
0.19 0.05 0.675421
0.206728 0.032625 0.639505
0.216108 0.0579031 0.627032
0.231958 0.0439025 0.599694
0.239675 0.0686574 0.590668
0.255898 0.0546406 0.565445
0.258262 0.0681944 0.550398
0.278736 0.0644569 0.537743
0.278528 0.0810031 0.521695
0.289931 0.0767215 0.509583
0.297044 0.0950684 0.498815
0.310906 0.0865272 0.485123
0.311642 0.0991961 0.474268
0.321863 0.0966016 0.464762
0.327561 0.114087 0.456787
0.341528 0.105598 0.445781
0.34033 0.119402 0.436445
0.35162 0.11493 0.427977
0.352071 0.125813 0.420158
0.361806 0.123489 0.412789
0.363077 0.132757 0.405758
0.371885 0.131592 0.399026
0.375118 0.148358 0.396323
0.390098 0.138802 0.389868
0.384678 0.15552 0.38431
0.399624 0.146092 0.378968
0.396579 0.154596 0.364835
0.474775 0.208164 0.305609
0.467822 0.218944 0.283214
0.474575 0.218836 0.280149
0.473567 0.226818 0.277784
0.478368 0.225223 0.273405
0.487165 0.243289 0.266551
0.493999 0.239564 0.258036
0.494803 0.245153 0.255235
0.501517 0.244749 0.253069
0.500388 0.248981 0.24981
0.518324 0.25602 0.247988
0.513145 0.26392 0.237064
0.520003 0.263168 0.235633
0.5183 0.26769 0.232124
0.527894 0.270052 0.230314
0.525157 0.275439 0.225489
0.530633 0.275877 0.223548
0.529789 0.279436 0.221252
0.538257 0.282538 0.218365
0.536311 0.287027 0.215044
0.5413 0.287779 0.213137
0.539961 0.294312 0.212394
0.544695 0.292591 0.208985
0.544801 0.297718 0.207289
0.548266 0.297149 0.205251
0.550112 0.305765 0.203386
0.555084 0.303801 0.199814
0.554655 0.309198 0.198574
0.558517 0.308225 0.196288
0.558847 0.31287 0.194647
0.561995 0.31252 0.192949
0.56362 0.320817 0.191419
0.568566 0.318848 0.188088
0.567678 0.324372 0.187349
0.57188 0.323051 0.184883
0.571519 0.328046 0.183796
0.575205 0.327163 0.181818
0.575197 0.331786 0.180545
0.578524 0.331202 0.178859
0.578748 0.335562 0.177491
0.581824 0.335179 0.175987
0.582193 0.339354 0.174579
0.585099 0.339101 0.173193
0.585545 0.343151 0.171781
0.588346 0.342971 0.17047
0.588814 0.346947 0.16908
0.591564 0.346794 0.167815
0.592005 0.350737 0.166467
0.594752 0.35057 0.165225
0.595119 0.35452 0.163941
0.597913 0.354299 0.162699
0.598155 0.3583 0.161506
0.601048 0.357981 0.160237
0.601109 0.362078 0.15917
0.604163 0.361612 0.157844
0.603974 0.365863 0.156953
0.607263 0.365189 0.155523
0.606738 0.369664 0.15489
0.610358 0.368706 0.153289
0.60987 0.3711 0.152272
0.613464 0.372152 0.151162
0.61267 0.374768 0.15006
0.616599 0.375514 0.149187
0.615388 0.378439 0.147934
0.61979 0.378768 0.147446
0.618005 0.382125 0.145924
0.620543 0.382003 0.14493
0.620522 0.385842 0.144066
0.62351 0.385346 0.142914
0.622887 0.389619 0.14248
0.626514 0.3886 0.141028
0.625778 0.39105 0.140072
0.629597 0.391736 0.139367
0.628247 0.394646 0.1382
0.630533 0.394676 0.137344
0.630587 0.398295 0.136509
0.633412 0.397886 0.135492
0.632729 0.402043 0.135176
0.636366 0.400982 0.133813
0.635473 0.40347 0.132892
0.639463 0.403915 0.132485
0.637722 0.407039 0.131258
0.640265 0.40682 0.130382
0.639769 0.410719 0.129966
0.643152 0.409835 0.128792
0.64232 0.412216 0.127948
0.646215 0.412664 0.127594
0.644444 0.415745 0.126439
0.647018 0.415472 0.125595
0.646668 0.417447 0.124897
0.649901 0.418363 0.124176
0.648833 0.420868 0.12332
0.650933 0.420941 0.122617
0.650783 0.424408 0.122032
0.653689 0.423852 0.121127
0.653028 0.426013 0.120408
0.656658 0.426554 0.120042
0.654991 0.429458 0.119051
0.657511 0.42918 0.118285
0.65707 0.431143 0.117637
0.660375 0.431891 0.117113
0.659027 0.434518 0.116267
0.661324 0.434392 0.115576
0.660996 0.436241 0.114969
0.664118 0.437085 0.114391
0.662923 0.439564 0.113622
0.665111 0.439504 0.112974
0.664819 0.441296 0.112394
0.667866 0.442156 0.111825
0.666695 0.444586 0.111093
0.668865 0.444521 0.110468
0.668544 0.446308 0.109904
0.671612 0.447112 0.109399
0.670348 0.449582 0.108675
0.672589 0.449447 0.108056
0.672173 0.451277 0.1075
0.675365 0.451951 0.107124
0.673877 0.454555 0.106376
0.67629 0.454277 0.105744
0.6757 0.456209 0.105184
0.677422 0.456435 0.104665
0.677279 0.459516 0.104215
0.679981 0.45901 0.103544
0.679122 0.461113 0.102964
0.681048 0.461171 0.102435
0.680781 0.462831 0.101941
0.683695 0.463621 0.101506
0.682409 0.466007 0.100875
0.684671 0.465804 0.100315
0.6841 0.467661 0.099804
0.685791 0.467868 0.0993232
0.685534 0.470919 0.0989817
0.688324 0.470317 0.0983477
0.687284 0.472488 0.0977928
0.689349 0.472408 0.0972849
0.688883 0.474154 0.0968104
0.690478 0.474407 0.0963573
0.690286 0.477348 0.0959955
0.692958 0.476815 0.0954145
0.691953 0.478925 0.0948947
0.693987 0.478846 0.0944124
0.693495 0.480579 0.0939581
0.695101 0.480801 0.0935223
0.694804 0.483757 0.0932459
0.697584 0.483129 0.0926766
0.696427 0.485313 0.0921658
0.698588 0.485124 0.0916909
0.697938 0.486937 0.0912445
0.699668 0.48705 0.090817
0.699371 0.488604 0.0904042
0.702226 0.48925 0.0901681
0.700689 0.491669 0.0896369
0.703176 0.491229 0.0891464
0.702194 0.493246 0.0886913
0.704205 0.49314 0.0882588
0.70362 0.494868 0.0878454
0.705285 0.495001 0.0874452
0.704989 0.496517 0.0870559
0.707809 0.497132 0.0868666
0.706219 0.499545 0.0863715
0.708762 0.499045 0.0859074
0.70766 0.501106 0.0854731
0.709773 0.500904 0.0850575
0.709037 0.5027 0.0846594
0.710826 0.502721 0.084273
0.710366 0.504317 0.0838973
0.711907 0.504506 0.0835293
0.711656 0.505947 0.0831681
0.714358 0.50658 0.0829805
0.712815 0.50891 0.0825398
0.715327 0.508407 0.0821181
0.714168 0.510461 0.0817176
0.716333 0.510196 0.0813299
0.715476 0.512032 0.0809557
0.717367 0.511953 0.0805903
0.716746 0.513617 0.080234
0.71842 0.513684 0.0798841
0.717986 0.515211 0.0795404
0.719486 0.515394 0.0792015
0.719201 0.51681 0.0788673
0.72056 0.517085 0.0785367
0.720231 0.519738 0.0783715
0.722884 0.51911 0.0779847
0.721497 0.521267 0.0776142
0.723877 0.520824 0.0772514
0.722731 0.522808 0.0769002
0.724887 0.522515 0.0765549
0.723937 0.524356 0.076218
0.725908 0.524187 0.0758857
0.725121 0.525909 0.0755598
0.726937 0.525841 0.0752377
0.726284 0.527464 0.0749204
0.727972 0.527479 0.0746064
0.72743 0.52902 0.0742962
0.729011 0.529104 0.0739888
0.72856 0.530575 0.0736846
0.730052 0.530716 0.0733828
0.729677 0.532128 0.0730837
0.731092 0.532315 0.0727868
0.73078 0.533678 0.0724923
0.732133 0.533904 0.0721998
0.731872 0.535226 0.0719095
0.733172 0.535483 0.0716209
0.732953 0.536769 0.0713344
0.734209 0.537051 0.0710496
0.734024 0.538308 0.0707666
0.736462 0.538912 0.0706524
0.73492 0.541077 0.0703615
0.737468 0.540471 0.0700708
0.735986 0.542588 0.0697869
0.738476 0.542018 0.0695032
0.737037 0.544098 0.0692259
0.739486 0.543552 0.0689486
0.738075 0.545607 0.0686773
0.740498 0.545074 0.0684061
0.7391 0.547114 0.0681406
0.741512 0.546585 0.0678752
0.740111 0.548619 0.0676155
0.742526 0.548085 0.0673558
0.741109 0.550123 0.0671018
0.743542 0.549573 0.0668479
0.742094 0.551624 0.0665999
0.74456 0.551049 0.066352
0.743066 0.553124 0.0661103
0.745579 0.552514 0.0658688
0.744024 0.554623 0.065634
0.746601 0.553966 0.0653994
0.745785 0.555044 0.064758
0.770539 0.589578 0.0543767
0.769256 0.590876 0.0533201
0.774026 0.595274 0.0525407
0.772874 0.596475 0.0516602
0.777594 0.600768 0.0509734
0.776401 0.601982 0.0500632
0.781238 0.606066 0.0496774
0.779839 0.6074 0.0485271
0.782425 0.609271 0.0481904
0.781678 0.610182 0.0477348
0.786046 0.614371 0.0469992
0.784996 0.615464 0.0462836
0.787406 0.617353 0.0459014
0.786763 0.618183 0.0455361
0.791019 0.622254 0.0448682
0.789963 0.623334 0.0441656
0.792421 0.625102 0.0438893
0.791669 0.625986 0.0434587
0.796123 0.629751 0.0432148
0.79474 0.63102 0.0421667
0.796131 0.631759 0.0419893
0.795349 0.63305 0.041904
0.796222 0.632904 0.0416391
0.797919 0.638236 0.0410806
0.799329 0.637748 0.0404077
0.799634 0.640696 0.0403105
0.800901 0.640296 0.039772
0.801288 0.643161 0.0396069
0.802459 0.642818 0.0391485
0.802892 0.645625 0.0389492
0.804005 0.645316 0.0385368
0.804453 0.648084 0.0383269
0.805537 0.647791 0.0379367
0.805974 0.650537 0.037735
0.807055 0.650242 0.0373478
0.807456 0.652982 0.0371722
0.808561 0.652671 0.03677
0.8089 0.65542 0.0366404
0.810054 0.655076 0.036203
0.810178 0.656465 0.0360329
0.811442 0.656417 0.0359624
0.811006 0.657049 0.0357652
0.81492 0.660462 0.0355746
0.813648 0.661597 0.0347452
0.815111 0.66213 0.0347019
0.814529 0.662841 0.0344375
0.816654 0.664383 0.0342613
0.81593 0.665177 0.0339136
0.817078 0.665883 0.033761
0.816451 0.666967 0.0337044
0.817216 0.66685 0.0335085
0.817732 0.669329 0.0332629
0.818631 0.669128 0.0330005
0.818958 0.671698 0.0328773
0.820039 0.671384 0.0325027
0.820075 0.672733 0.0323775
0.820745 0.672667 0.0322236
0.821871 0.677442 0.032118
0.823439 0.676826 0.0313241
0.823281 0.677593 0.0312337
0.824181 0.677716 0.031155
0.823675 0.67869 0.0310967
0.824354 0.678612 0.0309413
0.824837 0.680983 0.0307212
0.825707 0.680787 0.0304791
0.82581 0.682044 0.0303429
0.826397 0.682018 0.0302215
0.827532 0.686583 0.03006
0.828989 0.686029 0.0293873
0.828821 0.686775 0.0293051
0.829715 0.686881 0.0292361
0.829175 0.687847 0.029191
0.829873 0.687749 0.0290317
0.830226 0.690099 0.0288912
0.831184 0.689841 0.0286041
0.831163 0.691123 0.0285142
0.831842 0.691032 0.0283634
0.832183 0.693354 0.0282304
0.833137 0.693096 0.0279476
0.833097 0.694372 0.0278671
0.833786 0.694271 0.0277132
0.834075 0.69659 0.0276139
0.835067 0.696306 0.0273092
0.834975 0.697595 0.0272501
0.835706 0.697467 0.0270805
0.835801 0.698638 0.0269619
0.836353 0.698615 0.0268563
0.836798 0.700795 0.0266668
0.837603 0.700619 0.026465
0.837622 0.701819 0.0263708
0.838238 0.701754 0.026246
0.838553 0.703978 0.0261301
0.839481 0.703726 0.0258668
0.839385 0.704978 0.0258139
0.840102 0.70485 0.0256523
0.840164 0.706003 0.0255492
0.84073 0.705963 0.0254416
0.841078 0.708124 0.0253067
0.841949 0.707902 0.0250754
0.84187 0.709122 0.0250194
0.842562 0.709004 0.0248689
0.842619 0.710138 0.0247704
0.84318 0.710097 0.0246657
0.843494 0.712236 0.0245507
0.84438 0.712 0.0243131
0.844261 0.713223 0.0242743
0.844983 0.713084 0.0241136
0.844992 0.714225 0.0240319
0.845589 0.714158 0.0239171
0.845802 0.716315 0.023864
0.846777 0.716023 0.0235789
0.846667 0.716654 0.0235146
0.847423 0.716773 0.0234626
0.847184 0.717196 0.0233803
0.848784 0.718506 0.0232381
0.848234 0.719109 0.0230484
0.8493 0.719598 0.0230037
0.848862 0.720133 0.0228615
0.849832 0.720675 0.0227873
0.849484 0.721156 0.0226769
0.850374 0.721739 0.0225831
0.850099 0.722176 0.0224945
0.851752 0.723408 0.0224073
0.851111 0.724056 0.022179
0.851686 0.724265 0.0221189
0.851438 0.724955 0.0220707
0.851907 0.724952 0.0219945
0.852233 0.726934 0.0218751
0.853032 0.726736 0.0216856
0.852892 0.727895 0.0216631
0.853602 0.727748 0.0215113
0.853535 0.728859 0.0214634
0.854173 0.728754 0.0213391
0.854165 0.729825 0.0212729
0.854742 0.729754 0.0211687
0.854785 0.730791 0.0210893
0.85531 0.730749 0.0210001
0.855395 0.731757 0.0209111
0.855877 0.731739 0.0208332
0.856115 0.733705 0.0207626
0.856978 0.733464 0.020545
0.856857 0.734056 0.0204921
0.857593 0.734149 0.0204533
0.857332 0.73456 0.0203751
0.858936 0.735705 0.0203257
0.858268 0.736351 0.0200955
0.858861 0.736521 0.0200459
0.85854 0.737222 0.0200127
0.859052 0.737181 0.0199287
0.859117 0.738168 0.0198486
0.859603 0.738141 0.0197715
0.859775 0.740083 0.0197388
0.860681 0.739811 0.019502
0.860519 0.740411 0.0194557
0.861303 0.740462 0.0194276
0.860993 0.740894 0.0193402
0.861837 0.741413 0.0192712
0.861542 0.741835 0.0191883
0.862369 0.742359 0.0191171
0.862087 0.742772 0.0190379
0.862902 0.743299 0.018965
0.862629 0.743705 0.0188887
0.863433 0.744234 0.018815
0.863168 0.744635 0.018741
0.863964 0.745165 0.0186669
0.863704 0.745561 0.0185945
0.864495 0.74609 0.0185207
0.864237 0.746484 0.0184494
0.865024 0.74701 0.0183763
0.864767 0.747403 0.0183056
0.865552 0.747926 0.0182336
0.865294 0.748318 0.018163
0.86608 0.748837 0.0180927
0.865818 0.74923 0.0180217
0.866606 0.749743 0.0179535
0.866339 0.750138 0.0178817
0.867132 0.750644 0.0178162
0.866857 0.751042 0.017743
0.867657 0.751541 0.0176806
0.867372 0.751943 0.0176055
0.868182 0.752432 0.017547
0.867884 0.752841 0.0174692
0.868706 0.753319 0.0174155
0.868393 0.753735 0.0173342
0.86923 0.7542 0.017286
0.868899 0.754626 0.0172004
0.869755 0.755076 0.0171589
0.869402 0.755513 0.0170678
0.870279 0.755948 0.0170344
0.869902 0.756397 0.0169365
0.870805 0.756813 0.0169127
0.870399 0.757278 0.0168065
0.870865 0.757475 0.0167624
0.870659 0.758057 0.016729
0.871069 0.758054 0.0166732
0.871142 0.758937 0.0166047
0.871571 0.758922 0.016545
0.87162 0.759815 0.0164824
0.872072 0.759785 0.016418
0.872092 0.760691 0.0163625
0.872571 0.760645 0.0162922
0.872559 0.761565 0.0162454
0.873069 0.761501 0.0161675
0.87302 0.762438 0.0161314
0.873566 0.762352 0.0160441
0.873474 0.763309 0.0160211
0.874062 0.763199 0.015922
0.873992 0.76369 0.0158811
0.874592 0.763797 0.0158513
0.874375 0.764145 0.0157966
0.875101 0.764628 0.0157375
0.874849 0.764995 0.0156761
0.875612 0.765453 0.0156269
0.87532 0.765841 0.0155569
0.876126 0.766272 0.0155203
0.875787 0.766685 0.0154389
0.876643 0.767083 0.0154186
0.876251 0.767527 0.0153222
0.876709 0.767707 0.0152837
0.876481 0.768276 0.0152573
0.876898 0.768258 0.0152019
0.876919 0.769124 0.0151508
0.877379 0.769081 0.0150867
0.877349 0.769972 0.0150485
0.877859 0.7699 0.0149727
0.87777 0.77082 0.0149516
0.878338 0.770714 0.01486
0.878259 0.771191 0.014823
0.878858 0.771284 0.0147979
0.878628 0.77163 0.0147439
0.879359 0.772077 0.0146971
0.879079 0.772451 0.0146327
0.879867 0.772863 0.0146018
0.879526 0.77327 0.0145228
0.879954 0.773455 0.0144857
0.879754 0.773994 0.0144592
0.880145 0.773986 0.01441
0.880171 0.774822 0.0143605
0.880612 0.774784 0.0143016
0.880578 0.775651 0.0142672
0.88108 0.775578 0.0141944
0.881026 0.77603 0.0141579
0.881575 0.776141 0.0141313
0.881375 0.776464 0.0140847
0.882067 0.776912 0.0140358
0.881813 0.777266 0.013979
0.882567 0.777676 0.0139464
0.882245 0.778066 0.0138747
0.882661 0.778247 0.0138395
0.882465 0.778774 0.0138146
0.882848 0.778765 0.0137676
0.882863 0.779586 0.013723
0.883306 0.779542 0.0136647
0.883249 0.7804 0.0136383
0.883764 0.780315 0.0135632
0.883691 0.780767 0.0135297
0.88426 0.780857 0.0135079
0.884036 0.781188 0.0134586
0.884751 0.781604 0.0134217
0.884458 0.781972 0.0133585
0.885252 0.78234 0.0133444
0.884874 0.782756 0.01326
0.885321 0.78291 0.0132294
0.88506 0.783463 0.013213
0.885492 0.783421 0.0131576
0.88543 0.784264 0.013134
0.885942 0.784177 0.0130605
0.885862 0.784625 0.013029
0.886435 0.784704 0.0130099
0.886201 0.785036 0.0129602
0.886923 0.785431 0.0129307
0.886611 0.785807 0.0128645
0.887018 0.785977 0.0128329
0.88681 0.786492 0.0128124
0.887197 0.786473 0.0127662
0.887176 0.78728 0.0127333
0.887639 0.787218 0.012672
0.887581 0.787646 0.0126404
0.888112 0.787742 0.0126191
0.887906 0.788055 0.0125754
0.888592 0.788458 0.0125412
0.888308 0.788814 0.0124828
0.888698 0.788987 0.0124516
0.888509 0.789485 0.0124304
0.888878 0.789473 0.0123879
0.888866 0.790261 0.0123539
0.889312 0.790206 0.0122968
0.889258 0.790625 0.0122661
0.889778 0.790722 0.0122455
0.889576 0.791029 0.0122035
0.890253 0.791424 0.0121712
0.889969 0.791776 0.012114
0.890358 0.791944 0.0120842
0.890161 0.792439 0.0120648
0.890534 0.792423 0.0120222
0.890506 0.793207 0.0119932
0.890963 0.793143 0.0119343
0.890896 0.793563 0.0119055
0.89143 0.793645 0.0118879
0.891211 0.793959 0.011844
0.891906 0.794332 0.01182
0.891595 0.794696 0.0117578
0.891999 0.794849 0.0117303
0.891767 0.795357 0.0117155
0.892166 0.795323 0.0116687
0.892094 0.796119 0.0116519
0.892591 0.796029 0.0115842
0.892493 0.79646 0.0115585
0.893072 0.796512 0.0115472
0.892811 0.796845 0.0114965
0.893183 0.797012 0.0114682
0.892998 0.79749 0.0114497
0.893357 0.797476 0.0114101
0.893325 0.79824 0.011384
0.893776 0.798174 0.0113273
0.893701 0.798587 0.0113008
0.894238 0.798659 0.0112861
0.894008 0.798972 0.011242
0.894711 0.79932 0.0112268
0.894376 0.799691 0.0111612
0.894793 0.799827 0.0111371
0.894659 0.800086 0.0111076
0.89524 0.800497 0.0110664
0.895031 0.800796 0.0110265
0.895706 0.801152 0.0110064
0.895395 0.801507 0.0109472
0.895797 0.801648 0.0109229
0.895548 0.802151 0.0109122
0.895955 0.802106 0.010865
0.8959 0.802499 0.0108387
0.896397 0.802585 0.0108224
0.896193 0.80288 0.0107839
0.896859 0.803232 0.0107644
0.896551 0.803583 0.0107065
0.89695 0.803721 0.010683
0.896825 0.803971 0.0106556
0.897389 0.804375 0.0106158
0.897187 0.804666 0.0105782
0.897848 0.805014 0.0105597
0.897541 0.805363 0.0105026
0.897939 0.805498 0.0104798
0.897811 0.805747 0.0104527
0.898375 0.806144 0.0104148
0.898168 0.806436 0.010377
0.898833 0.806774 0.0103617
0.898516 0.807126 0.0103031
0.89892 0.807255 0.0102816
0.898785 0.807506 0.010254
0.899356 0.807892 0.0102194
0.899137 0.808188 0.0101801
0.899817 0.808512 0.0101709
0.899478 0.808874 0.0101081
0.899896 0.808991 0.0100884
0.899746 0.809247 0.0100595
0.900333 0.809618 0.0100299
0.900092 0.809925 0.00998741
0.900445 0.810075 0.00996391
0.90025 0.810529 0.00995072
0.900606 0.810504 0.00991359
0.900526 0.811239 0.00990342
0.901001 0.811148 0.00984371
0.900882 0.811557 0.00982446
0.901174 0.811567 0.00979657
0.901175 0.812252 0.00976819
0.90156 0.81221 0.00972655
0.901498 0.812585 0.00970394
0.901986 0.812656 0.00969185
0.901772 0.812944 0.0096549
0.902106 0.8131 0.00963159
0.901934 0.813534 0.00961721
0.902268 0.813519 0.00958391
0.902206 0.81423 0.00957017
0.902655 0.814151 0.00951644
0.902546 0.814548 0.00949741
0.902827 0.814561 0.00947128
0.902832 0.815231 0.00944315
0.903206 0.815192 0.00940381
0.903145 0.81556 0.00938206
0.903625 0.81563 0.00937068
0.903413 0.815914 0.00933484
0.903744 0.816065 0.00931261
0.903568 0.816495 0.00929953
0.903903 0.816476 0.00926648
0.903828 0.817182 0.00925669
0.904285 0.817096 0.00920176
0.904165 0.817493 0.00918446
0.904453 0.8175 0.00915792
0.904438 0.818168 0.00913476
0.904827 0.818118 0.00909319
0.90475 0.818489 0.00907327
0.905001 0.818515 0.00905098
0.905032 0.819154 0.00901933
0.905369 0.819132 0.00898652
0.905326 0.819482 0.008965
0.905768 0.819565 0.00895205
0.905581 0.819831 0.00892103
0.906204 0.820138 0.00891172
0.905892 0.820472 0.0088591
0.906289 0.820578 0.00884292
0.906139 0.820822 0.00881697
0.906711 0.821154 0.00879701
0.906452 0.821457 0.00875511
0.906812 0.821581 0.00873679
0.906691 0.821808 0.00871439
0.907221 0.82216 0.00868722
0.907006 0.822438 0.00865282
0.907335 0.822577 0.00863308
0.907142 0.823002 0.00862342
0.907486 0.822972 0.00859002
0.907431 0.823322 0.00857028
0.907886 0.82339 0.00856026
0.907682 0.823661 0.00852776
0.908003 0.823801 0.00850807
0.90782 0.824219 0.00849788
0.908155 0.824193 0.00846599
0.908103 0.824538 0.00844639
0.908549 0.824608 0.00843608
0.90835 0.824875 0.00840474
0.908667 0.825016 0.00838527
0.908488 0.825428 0.00837502
0.908818 0.825404 0.00834397
0.908767 0.825746 0.00832466
0.90921 0.825816 0.00831453
0.909012 0.826081 0.00828371
0.909328 0.82622 0.00826461
0.909148 0.82663 0.00825475
0.909478 0.826605 0.00822392
0.909425 0.826945 0.00820505
0.909868 0.827013 0.00819553
0.909668 0.827278 0.00816464
0.909984 0.827414 0.00814605
0.909799 0.827825 0.00813703
0.910132 0.827797 0.00810582
0.910075 0.828137 0.00808754
0.910524 0.828199 0.00807909
0.910317 0.828466 0.00804749
0.910638 0.828598 0.00802958
0.910442 0.829012 0.00802188
0.910783 0.828978 0.00798963
0.910717 0.82932 0.00797212
0.910948 0.829347 0.0079532
0.910971 0.829945 0.00792666
0.911293 0.829921 0.0078974
0.91124 0.830255 0.00787947
0.911677 0.830319 0.00787087
0.911477 0.83058 0.00784075
0.911792 0.830711 0.00782331
0.911599 0.831119 0.00781583
0.911936 0.831086 0.00778457
0.91187 0.831424 0.00776765
0.912098 0.83145 0.00774914
0.912117 0.832042 0.00772406
0.91244 0.832015 0.00769497
0.912382 0.832347 0.00767783
0.912823 0.832405 0.00767044
0.912616 0.832668 0.00763997
0.912934 0.832793 0.00762347
0.912832 0.832998 0.00760525
0.913318 0.833328 0.00758123
0.91312 0.833585 0.00755225
0.913431 0.833712 0.0075357
0.913236 0.834115 0.00752924
0.913573 0.834079 0.0074984
0.913501 0.834414 0.00748258
0.913731 0.834436 0.00746428
0.913738 0.835022 0.00744221
0.914068 0.83499 0.00741248
0.913999 0.835321 0.00739671
0.914226 0.835344 0.00737884
0.914235 0.835925 0.00735665
0.91456 0.835894 0.00732766
0.914493 0.836223 0.00731204
0.914717 0.836246 0.00729447
0.914727 0.836824 0.00727251
0.91505 0.836793 0.00724393
0.914982 0.83712 0.00722854
0.915206 0.837142 0.00721114
0.915214 0.837717 0.00718975
0.915537 0.837686 0.00716126
0.915468 0.838012 0.0071462
0.915692 0.838033 0.00712886
0.915696 0.838607 0.00710837
0.916021 0.838573 0.00707966
0.915949 0.838899 0.00706501
0.916175 0.838919 0.0070476
0.916173 0.839492 0.00702836
0.916503 0.839455 0.00699911
0.916426 0.839782 0.00698497
0.916656 0.839799 0.00696735
0.916646 0.840372 0.00694974
0.916982 0.840331 0.00691959
0.916898 0.840659 0.00690607
0.917133 0.840673 0.0068881
0.917113 0.841249 0.00687258
0.917459 0.841201 0.00684111
0.917367 0.841533 0.00682835
0.917608 0.841542 0.00680985
0.917575 0.842121 0.00679693
0.917934 0.842066 0.00676367
0.917831 0.842402 0.00675182
0.918081 0.842405 0.00673258
0.918032 0.842989 0.0067229
0.918407 0.842925 0.00668727
0.91829 0.843266 0.00667652
0.918551 0.843263 0.0066563
0.918517 0.843558 0.00664076
0.918894 0.843631 0.00663224
0.918725 0.84386 0.00660943
0.919009 0.843983 0.00659493
0.918832 0.844354 0.00658926
0.919144 0.844322 0.00656304
0.919071 0.844637 0.00654982
0.919293 0.844654 0.00653348
0.919279 0.84521 0.00651777
0.91961 0.845167 0.00648907
0.919521 0.845489 0.00647698
0.919755 0.845498 0.00645961
0.91972 0.846063 0.00644805
0.920073 0.846007 0.00641613
0.919966 0.846337 0.00640543
0.920216 0.846337 0.00638669
0.920155 0.846912 0.00638038
0.920535 0.846841 0.00634424
0.920406 0.847181 0.00633528
0.920674 0.84717 0.00631474
0.920629 0.847464 0.00630068
0.921018 0.847522 0.00629468
0.920832 0.847757 0.00627062
0.921126 0.847866 0.00625795
0.921023 0.848056 0.00624254
0.921486 0.84834 0.00622785
0.921273 0.848589 0.00620035
0.921587 0.848686 0.00618916
0.921465 0.848885 0.00617227
0.921955 0.849151 0.00616325
0.921709 0.849417 0.00613114
0.922048 0.849499 0.00612186
0.921903 0.849709 0.00610294
0.922165 0.849832 0.0060892
0.922011 0.85018 0.00608292
0.922298 0.850156 0.00606042
0.922233 0.850455 0.0060481
0.922442 0.850473 0.00603342
0.922428 0.851006 0.0060191
0.922747 0.850965 0.00599276
0.922656 0.851275 0.00598207
0.922887 0.851281 0.00596569
0.922839 0.85183 0.00595782
0.923194 0.851768 0.00592616
0.923074 0.852093 0.00591765
0.92333 0.852084 0.0058989
0.923285 0.852368 0.00588592
0.923664 0.852423 0.00588078
0.92348 0.852651 0.00585802
0.923769 0.852754 0.00584666
0.923663 0.85294 0.00583187
0.924123 0.853208 0.00582069
0.9239 0.853456 0.00579298
0.924219 0.853541 0.0057837
0.924086 0.853741 0.00576666
0.924336 0.853863 0.00575361
0.924191 0.854197 0.00574745
0.924467 0.854176 0.00572671
0.924403 0.854466 0.00571516
0.924607 0.854483 0.00570132
0.924589 0.855003 0.00568867
0.924904 0.85496 0.00566321
0.924809 0.855265 0.00565367
0.92504 0.855267 0.00563766
0.925009 0.855537 0.00562474
0.925357 0.855602 0.0056182
0.925195 0.855816 0.00559866
0.925466 0.855922 0.00558722
0.925372 0.856099 0.00557394
0.925808 0.856367 0.00556115
0.925604 0.856602 0.00553673
0.925907 0.85669 0.00552739
0.925784 0.856882 0.00551183
0.926024 0.857003 0.00549925
0.925887 0.857326 0.00549302
0.926153 0.857308 0.00547379
0.926092 0.85759 0.00546274
0.92629 0.857607 0.00544964
0.926271 0.858115 0.00543785
0.926581 0.858072 0.0054134
0.926484 0.858372 0.00540461
0.926713 0.858372 0.00538904
0.926678 0.858638 0.00537695
0.927027 0.858697 0.00537149
0.92686 0.85891 0.00535198
0.927133 0.85901 0.00534157
0.927033 0.859186 0.00532834
0.927473 0.859441 0.00531872
0.927256 0.85968 0.00529321
0.927567 0.859757 0.00528539
0.927432 0.859952 0.00526927
0.927679 0.860064 0.00525788
0.927601 0.860228 0.00524629
0.928006 0.860497 0.00523192
0.927826 0.860715 0.00521121
0.928108 0.860806 0.00520187
0.927997 0.860987 0.00518807
0.928452 0.861227 0.00518246
0.928214 0.861476 0.00515437
0.928541 0.861541 0.00514823
0.928389 0.861743 0.0051308
0.928648 0.861845 0.0051205
0.928556 0.862014 0.00510831
0.928979 0.862267 0.00509798
0.928774 0.862497 0.00507464
0.929075 0.862575 0.00506696
0.928945 0.862764 0.00505185
0.929186 0.862874 0.00504095
0.929109 0.863034 0.00502991
0.929507 0.863297 0.00501639
0.929328 0.863511 0.00499643
0.929607 0.863599 0.00498773
0.929496 0.863777 0.00497429
0.929722 0.863893 0.00496302
0.929592 0.864199 0.00495762
0.929845 0.864181 0.00494031
0.929782 0.86445 0.00493075
0.929976 0.864464 0.00491865
0.929943 0.864953 0.00491055
0.930254 0.864903 0.00488656
0.930144 0.865197 0.00487999
0.930379 0.865187 0.00486452
0.930328 0.865449 0.00485452
0.93051 0.865468 0.00484336
0.930493 0.865944 0.00483278
0.930784 0.865904 0.00481151
0.930688 0.866188 0.00480415
0.930909 0.866186 0.00479005
0.930868 0.86644 0.00477978
0.93104 0.866463 0.00476933
0.931036 0.866929 0.00475708
0.93131 0.866897 0.00473779
0.931226 0.867173 0.00472993
0.931436 0.867175 0.00471683
0.931402 0.867424 0.00470643
0.931731 0.867477 0.00470226
0.931569 0.867679 0.00468486
0.931832 0.867767 0.00467644
0.931728 0.867937 0.00466429
0.932161 0.868163 0.00466002
0.93193 0.868401 0.00463444
0.932248 0.868458 0.00462977
0.932094 0.868654 0.00461335
0.93235 0.868744 0.00460482
0.932251 0.868911 0.00459319
0.932674 0.869138 0.00458794
0.932452 0.86937 0.00456371
0.932762 0.86943 0.00455879
0.932614 0.869622 0.00454305
0.932865 0.869713 0.00453452
0.932769 0.869877 0.00452325
0.933186 0.870104 0.00451759
0.932968 0.870333 0.00449421
0.933274 0.870393 0.00448926
0.933128 0.870583 0.00447393
0.933377 0.870674 0.00446551
0.933283 0.870836 0.00445446
0.933695 0.871062 0.0044489
0.933479 0.871288 0.00442591
0.933784 0.871348 0.00442111
0.933638 0.871537 0.00440596
0.933886 0.871626 0.00439775
0.933791 0.871788 0.0043868
0.934203 0.87201 0.00438181
0.933985 0.872237 0.00435879
0.934291 0.872294 0.00435432
0.934143 0.872483 0.00433913
0.934391 0.87257 0.00433122
0.934295 0.872732 0.00432025
0.934709 0.87295 0.00431631
0.934486 0.873178 0.00429283
0.934795 0.873232 0.00428889
0.934642 0.873422 0.00427341
0.934894 0.873506 0.00426591
0.934793 0.873669 0.00425479
0.935003 0.873775 0.00424537
0.934877 0.87406 0.00424146
0.935118 0.874039 0.0042262
0.935048 0.874294 0.00421879
0.935239 0.8743 0.0042078
0.93521 0.874532 0.00419851
0.935515 0.874585 0.0041947
0.935364 0.874774 0.00417956
0.935614 0.874856 0.00417231
0.935513 0.875018 0.00416138
0.935721 0.875122 0.00415224
0.935594 0.875405 0.00414867
0.935835 0.875383 0.00413349
0.935763 0.875636 0.00412645
0.935954 0.875641 0.0041155
0.935922 0.875872 0.00410656
0.93623 0.875921 0.0041033
0.936075 0.876111 0.00408799
0.936327 0.876189 0.00408121
0.936222 0.876352 0.00407018
0.936433 0.876452 0.00406146
0.936365 0.876594 0.00405283
0.936725 0.876827 0.00404307
0.936556 0.877023 0.00402648
0.936819 0.877094 0.00402058
0.936703 0.877261 0.00400883
0.936922 0.877355 0.0040007
0.936845 0.877502 0.00399167
0.937219 0.877724 0.00398442
0.937031 0.877928 0.00396606
0.937309 0.87799 0.00396128
0.937178 0.878164 0.00394851
0.937409 0.878251 0.00394112
0.937321 0.878402 0.00393152
0.937711 0.878612 0.00392755
0.937501 0.878827 0.00390676
0.937797 0.878878 0.00390344
0.937648 0.879061 0.00388925
0.937893 0.879138 0.0038828
0.937791 0.879296 0.00387239
0.937997 0.879394 0.00386416
0.93793 0.879533 0.00385593
0.938284 0.879758 0.00384719
0.938114 0.879951 0.00383104
0.938376 0.880017 0.0038258
0.938257 0.880184 0.00381426
0.938476 0.880272 0.00380683
0.938396 0.880418 0.00379795
0.93877 0.880628 0.00379282
0.938574 0.880835 0.00377393
0.938857 0.880888 0.00377032
0.938717 0.881065 0.00375716
0.938954 0.881143 0.00375077
0.938856 0.881296 0.00374096
0.939057 0.881393 0.00373297
0.938992 0.881529 0.00372511
0.939338 0.881751 0.00371655
0.939172 0.88194 0.00370112
0.93943 0.882005 0.00369611
0.939312 0.882169 0.00368496
0.939529 0.882255 0.00367787
0.939448 0.882399 0.00366923
0.93982 0.882604 0.0036649
0.939622 0.882809 0.00364619
0.939905 0.882859 0.00364309
0.939762 0.883035 0.00362998
0.94 0.883109 0.00362412
0.939899 0.883262 0.00361432
0.940101 0.883355 0.00360684
0.940032 0.883491 0.00359901
0.940382 0.883704 0.00359205
0.940207 0.883895 0.00357608
0.94047 0.883954 0.00357192
0.940345 0.88412 0.00356041
0.940567 0.8842 0.00355402
0.940479 0.884346 0.00354518
0.940669 0.884442 0.00353748
0.94055 0.884702 0.0035347
0.940776 0.884681 0.00352178
0.940702 0.884917 0.00351628
0.940886 0.884918 0.0035066
0.940846 0.885135 0.00349948
0.940998 0.885153 0.00349175
0.940973 0.885558 0.00348588
0.941233 0.885518 0.00346968
0.941128 0.885769 0.00346612
0.94134 0.885754 0.00345444
0.941276 0.885983 0.00344858
0.941449 0.885988 0.00343965
0.941417 0.8862 0.00343242
0.941561 0.88622 0.00342515
0.941546 0.886617 0.00341811
0.941792 0.886583 0.00340335
0.941697 0.886826 0.00339934
0.941899 0.886816 0.00338852
0.941841 0.887039 0.00338249
0.942008 0.887047 0.00337408
0.94198 0.887254 0.00336684
0.942119 0.887277 0.00335991
0.942109 0.887666 0.00335224
0.942347 0.887636 0.00333845
0.942258 0.887874 0.00333422
0.942453 0.887867 0.00332397
0.9424 0.888086 0.00331791
0.942561 0.888095 0.00330986
0.942536 0.888299 0.00330268
0.942807 0.888346 0.0033001
0.942668 0.888514 0.00328813
0.942898 0.888582 0.00328316
0.942797 0.888731 0.00327403
0.942995 0.888815 0.00326758
0.942923 0.888948 0.00326021
0.943269 0.889143 0.00325601
0.943085 0.889334 0.00323991
0.943353 0.889381 0.0032374
0.943215 0.889548 0.00322567
0.943444 0.889615 0.00322084
0.943342 0.889762 0.00321185
0.94354 0.889845 0.00320558
0.943467 0.889977 0.00319831
0.943812 0.890169 0.00319457
0.943626 0.89036 0.00317848
0.943761 0.890382 0.00317198
0.94375 0.89076 0.00316492
0.943982 0.89073 0.00315184
0.943893 0.890963 0.00314807
0.944086 0.890954 0.00313822
0.94403 0.891169 0.00313272
0.944191 0.891176 0.00312492
0.944162 0.891376 0.00311834
0.944298 0.891397 0.00311184
0.944282 0.891774 0.00310566
0.944518 0.891741 0.00309222
0.944423 0.891975 0.00308892
0.94462 0.891962 0.00307882
0.944559 0.892178 0.00307372
0.944724 0.892182 0.00306576
0.94469 0.892383 0.00305951
0.94483 0.892401 0.00305292
0.944805 0.892779 0.00304801
0.94505 0.89274 0.00303386
0.944946 0.892977 0.00303123
0.94515 0.89296 0.00302066
0.945081 0.893178 0.00301607
0.945252 0.893178 0.0030078
0.945212 0.893381 0.00300196
0.945357 0.893394 0.00299518
0.94532 0.893775 0.00299206
0.945577 0.89373 0.00297677
0.945519 0.89385 0.00297062
0.945832 0.894045 0.00296478
0.945674 0.894218 0.00295197
0.945917 0.894269 0.00294897
0.945796 0.894422 0.00293922
0.946007 0.89449 0.00293452
0.945916 0.894627 0.00292677
0.9461 0.894708 0.00292097
0.946034 0.894832 0.00291453
0.94636 0.895017 0.00291092
0.946184 0.895198 0.00289658
0.946313 0.895219 0.00289068
0.946299 0.895581 0.00288473
0.946525 0.89555 0.00287252
0.946433 0.895775 0.00286953
0.946624 0.895763 0.00286016
0.946562 0.895971 0.00285558
0.946724 0.895974 0.00284808
0.946688 0.896169 0.00284245
0.946826 0.896184 0.00283618
0.946793 0.896553 0.00283283
0.94704 0.89651 0.00281877
0.946984 0.896627 0.002813
0.947288 0.896816 0.00280753
0.947134 0.896985 0.00279542
0.947372 0.897034 0.00279274
0.947252 0.897183 0.0027834
0.94746 0.897248 0.00277913
0.947368 0.897383 0.00277164
0.947551 0.89746 0.00276632
0.947482 0.897583 0.00276007
0.947807 0.897758 0.00275782
0.947626 0.897939 0.00274333
0.947757 0.897957 0.00273754
0.947733 0.898314 0.00273324
0.947965 0.898277 0.00272062
0.947863 0.898503 0.00271858
0.94806 0.898485 0.00270888
0.947989 0.898693 0.00270514
0.948158 0.89869 0.0026974
0.948111 0.898886 0.00269254
0.948256 0.898895 0.00268613
0.94823 0.899079 0.00268051
0.948356 0.899098 0.002675
0.948337 0.899448 0.00267018
0.948561 0.899415 0.0026584
0.948465 0.899635 0.00265614
0.948656 0.89962 0.00264698
0.948588 0.899824 0.00264319
0.948752 0.899823 0.00263581
0.948708 0.900015 0.00263098
0.948849 0.900025 0.00262482
0.948825 0.900206 0.00261929
0.948948 0.900226 0.00261396
0.948931 0.900571 0.00260911
0.94915 0.900539 0.00259775
0.949056 0.900756 0.00259552
0.949244 0.900741 0.00258662
0.949177 0.900943 0.00258293
0.949339 0.900942 0.00257572
0.949295 0.901132 0.00257104
0.949436 0.901141 0.002565
0.949411 0.901321 0.00255964
0.949533 0.901339 0.0025544
0.949514 0.901682 0.00254994
0.949734 0.901649 0.00253862
0.949638 0.901865 0.00253665
0.949827 0.901848 0.00252775
0.949758 0.90205 0.00252432
0.949921 0.902047 0.0025171
0.949874 0.902236 0.00251267
0.950016 0.902244 0.00250662
0.949988 0.902423 0.0025015
0.950112 0.90244 0.00249626
0.950087 0.902781 0.00249263
0.950312 0.902745 0.00248099
0.950261 0.902854 0.00247601
0.950546 0.903031 0.00247135
0.950399 0.903189 0.00246071
0.950626 0.903233 0.00245868
0.950509 0.903376 0.00245022
0.95071 0.903433 0.00244686
0.950616 0.903563 0.00243992
0.950796 0.903631 0.00243564
0.950723 0.90375 0.00242978
0.950884 0.903827 0.00242485
0.950828 0.903938 0.00241976
0.95112 0.904107 0.00241651
0.950962 0.90427 0.00240504
0.95108 0.904289 0.00240016
0.951061 0.90462 0.00239606
0.951275 0.904588 0.00238542
0.951227 0.904693 0.00238073
0.951503 0.904869 0.00237591
0.951364 0.905022 0.002366
0.951583 0.905066 0.00236394
0.95147 0.905205 0.00235596
0.951666 0.905262 0.00235271
0.951575 0.905389 0.0023461
0.951751 0.905455 0.002342
0.951679 0.905572 0.00233638
0.951838 0.905648 0.00233167
0.951782 0.905756 0.00232676
0.95207 0.905921 0.00232394
0.951913 0.906083 0.0023127
0.95203 0.9061 0.00230795
0.952007 0.906427 0.0023045
0.952222 0.906393 0.0022939
0.952172 0.906497 0.00228931
0.952448 0.906666 0.00228531
0.952304 0.90682 0.00227528
0.952415 0.90684 0.00227082
0.952402 0.907159 0.00226637
0.952604 0.907131 0.00225683
0.952515 0.907333 0.00225503
0.952692 0.907318 0.00224728
0.952626 0.907508 0.00224434
0.952781 0.907504 0.00223789
0.952734 0.907684 0.00223414
0.952871 0.907689 0.00222863
0.95284 0.907861 0.00222429
0.952962 0.907874 0.00221947
0.952944 0.908038 0.00221471
0.953161 0.908078 0.00221312
0.953046 0.908215 0.00220533
0.953242 0.908266 0.00220261
0.953147 0.908392 0.00219612
0.953324 0.908453 0.00219257
0.953247 0.90857 0.00218703
0.953408 0.908639 0.00218288
0.953347 0.908748 0.00217804
0.953493 0.908824 0.00217346
0.953445 0.908925 0.00216913
0.953713 0.90909 0.00216544
0.953572 0.909239 0.00215591
0.953681 0.909258 0.00215166
0.953665 0.90957 0.00214777
0.953865 0.909541 0.00213851
0.95382 0.909641 0.00213434
0.954082 0.909806 0.0021303
0.953947 0.909952 0.00212128
0.954159 0.909991 0.00211976
0.954047 0.910125 0.00211233
0.954239 0.910175 0.00210978
0.954145 0.910299 0.00210353
0.954319 0.910358 0.00210021
0.954243 0.910473 0.00209484
0.954402 0.91054 0.00209096
0.95434 0.910647 0.00208624
0.954485 0.91072 0.00208195
0.954435 0.910821 0.00207772
0.954703 0.910979 0.00207479
0.954559 0.911129 0.0020652
0.954669 0.911145 0.00206103
0.954646 0.911454 0.00205808
0.95485 0.911421 0.0020486
0.954802 0.911521 0.00204447
0.955067 0.911678 0.00204155
0.954924 0.911826 0.00203216
0.955033 0.911843 0.00202805
0.95501 0.912149 0.00202519
0.955213 0.912116 0.00201585
0.955164 0.912215 0.00201177
0.955428 0.91237 0.002009
0.955285 0.912518 0.00199969
0.955394 0.912534 0.00199563
0.95537 0.912839 0.00199299
0.955573 0.912805 0.00198367
0.955524 0.912904 0.00197962
0.955788 0.913056 0.00197715
0.955643 0.913204 0.00196779
0.955752 0.91322 0.00196375
0.955725 0.913523 0.00196149
0.955931 0.913488 0.00195205
0.95588 0.913587 0.00194801
0.956145 0.913737 0.00194599
0.955997 0.913886 0.00193645
0.956108 0.9139 0.00193241
0.956077 0.914203 0.00193066
0.956286 0.914165 0.00192099
0.956233 0.914264 0.00191693
0.956367 0.914337 0.00191286
0.956324 0.914431 0.00190915
0.956573 0.914586 0.00190575
0.956442 0.914725 0.00189759
0.956545 0.914743 0.00189387
0.956527 0.915036 0.00189079
0.956718 0.915007 0.00188246
0.956673 0.915102 0.00187872
0.956926 0.915253 0.001876
0.956789 0.915395 0.00186746
0.956894 0.91541 0.00186369
0.956869 0.915705 0.00186137
0.957067 0.915672 0.0018526
0.957018 0.915767 0.00184879
0.957276 0.915913 0.00184692
0.957132 0.916058 0.00183787
0.95724 0.916072 0.00183402
0.957224 0.91622 0.00183013
0.957323 0.916238 0.00182659
0.957307 0.916525 0.00182343
0.957493 0.916497 0.00181558
0.957449 0.91659 0.001812
0.957696 0.916738 0.00180931
0.957563 0.916877 0.00180116
0.957666 0.916892 0.00179753
0.957641 0.917182 0.00179536
0.957836 0.917149 0.00178687
0.957788 0.917243 0.00178319
0.958043 0.917385 0.0017816
0.957898 0.917529 0.00177272
0.958006 0.917542 0.00176897
0.957988 0.917688 0.00176527
0.958087 0.917705 0.00176181
0.958068 0.917988 0.00175914
0.958255 0.917959 0.00175128
0.958209 0.918051 0.00174776
0.958457 0.918194 0.0017457
0.95832 0.918334 0.00173743
0.958424 0.918347 0.00173383
0.958393 0.918634 0.00173246
0.958593 0.918598 0.0017237
0.958541 0.918692 0.00172002
0.95867 0.91876 0.00171646
0.958627 0.91885 0.00171307
0.958869 0.918994 0.00171079
0.958736 0.91913 0.00170291
0.958838 0.919144 0.00169943
0.95881 0.919427 0.00169787
0.959005 0.919392 0.00168948
0.958954 0.919486 0.00168591
0.959082 0.919553 0.0016824
0.959039 0.919642 0.0016791
0.959278 0.919784 0.00167678
0.959147 0.919919 0.00166914
0.959248 0.919933 0.00166574
0.95922 0.920213 0.0016642
0.959413 0.920179 0.001656
0.959363 0.920271 0.0016525
0.959489 0.920338 0.00164908
0.959447 0.920426 0.00164583
0.959684 0.920566 0.00164365
0.959554 0.9207 0.0016361
0.959654 0.920713 0.00163275
0.959625 0.920991 0.00163142
0.959818 0.920956 0.00162325
0.959767 0.921048 0.00161978
0.959893 0.921114 0.00161647
0.95985 0.921201 0.00161325
0.960087 0.921339 0.00161139
0.959955 0.921473 0.00160377
0.960056 0.921486 0.00160045
0.96004 0.921624 0.0015971
0.960133 0.92164 0.001594
0.960114 0.92191 0.00159171
0.960293 0.921881 0.00158456
0.960248 0.921969 0.00158135
0.960488 0.922104 0.00157996
0.960351 0.922239 0.00157215
0.960454 0.92225 0.00156881
0.960435 0.922388 0.0015656
0.96053 0.922403 0.00156249
0.960506 0.922673 0.00156076
0.96069 0.922641 0.00155334
0.960642 0.92273 0.0015501
0.960764 0.922795 0.00154689
0.960723 0.92288 0.00154387
0.960953 0.923016 0.00154188
0.960826 0.923145 0.00153479
0.960924 0.923158 0.00153164
0.960908 0.923293 0.00152843
0.960999 0.923309 0.00152548
0.960981 0.923573 0.00152331
0.961156 0.923545 0.00151647
0.961112 0.923631 0.0015134
0.961347 0.923762 0.00151222
0.961212 0.923895 0.00150465
0.961313 0.923905 0.00150142
0.961293 0.924041 0.0014984
0.961388 0.924055 0.00149539
0.961361 0.92432 0.0014941
0.961545 0.924287 0.00148672
0.961496 0.924375 0.00148356
0.961617 0.924437 0.00148056
0.961575 0.924522 0.0014776
0.961805 0.924652 0.00147626
0.961674 0.924782 0.00146903
0.961773 0.924793 0.00146592
0.961754 0.924927 0.00146295
0.961847 0.92494 0.00146003
0.961821 0.925202 0.0014587
0.962002 0.92517 0.00145157
0.961954 0.925257 0.00144849
0.962073 0.925318 0.00144557
0.962031 0.925401 0.00144268
0.962259 0.92553 0.00144142
0.962129 0.925659 0.00143434
0.962227 0.925669 0.00143129
0.962208 0.925802 0.00142842
0.9623 0.925815 0.00142555
0.962273 0.926074 0.0014244
0.962454 0.926041 0.00141733
0.962405 0.926128 0.0014143
0.962525 0.926188 0.00141148
0.962482 0.926271 0.00140863
0.962596 0.926333 0.00140569
0.962558 0.926414 0.00140299
0.962775 0.926544 0.00140107
0.962656 0.926666 0.00139476
0.962749 0.926679 0.00139192
0.962733 0.926808 0.00138904
0.962821 0.926823 0.00138635
0.9628 0.927075 0.00138466
0.962971 0.927046 0.00137826
0.962926 0.92713 0.00137541
0.963041 0.92719 0.0013726
0.963001 0.927271 0.00136991
0.963221 0.927397 0.0013685
0.963097 0.927521 0.00136198
0.963192 0.927532 0.00135911
0.963173 0.927661 0.00135638
0.963263 0.927674 0.00135368
0.963236 0.927926 0.00135261
0.963413 0.927894 0.0013459
0.963365 0.927978 0.00134301
0.963482 0.928037 0.00134037
0.963439 0.928118 0.00133764
0.963551 0.928178 0.00133489
0.963513 0.928257 0.0013323
0.963728 0.928383 0.00133077
0.963607 0.928504 0.00132457
0.9637 0.928515 0.00132181
0.963682 0.928641 0.00131914
0.96377 0.928655 0.00131653
0.963745 0.928903 0.00131544
0.963918 0.928872 0.00130897
0.963871 0.928955 0.00130617
0.963986 0.929012 0.00130361
0.963944 0.929093 0.00130095
0.964055 0.929152 0.00129828
0.964017 0.92923 0.00129576
0.964229 0.929353 0.00129439
0.964109 0.929473 0.00128828
0.964201 0.929483 0.00128557
0.964183 0.929609 0.00128301
0.964271 0.929622 0.00128044
0.964257 0.929745 0.00127779
0.96434 0.929759 0.00127534
0.964321 0.930001 0.00127377
0.964484 0.929974 0.00126794
0.964441 0.930054 0.00126531
0.964552 0.930111 0.00126276
0.964513 0.930189 0.00126027
0.964726 0.930308 0.00125929
0.964602 0.93043 0.00125307
0.964696 0.930438 0.00125037
0.964675 0.930563 0.00124795
0.964764 0.930574 0.00124539
0.964748 0.930697 0.00124287
0.964833 0.93071 0.00124043
0.964808 0.930951 0.00123938
0.964976 0.930921 0.00123333
0.96493 0.931001 0.00123069
0.965043 0.931057 0.0012283
0.965001 0.931135 0.00122579
0.965109 0.931192 0.00122331
0.965071 0.931268 0.00122091
0.96528 0.931386 0.00121989
0.96516 0.931505 0.00121394
0.965251 0.931514 0.00121133
0.965231 0.931637 0.00120899
0.965319 0.931647 0.00120651
0.965303 0.931768 0.00120408
0.965386 0.931781 0.00120171
0.965374 0.9319 0.0011992
0.965454 0.931914 0.00119693
0.965435 0.932147 0.00119543
0.965593 0.932122 0.00119
0.965551 0.932199 0.00118755
0.965659 0.932255 0.00118517
0.96562 0.93233 0.00118282
0.965724 0.932388 0.00118038
0.965689 0.932461 0.00117812
0.965891 0.932579 0.00117681
0.965776 0.932693 0.00117134
0.965865 0.932703 0.00116889
0.965847 0.932823 0.00116659
0.965931 0.932834 0.00116425
0.965916 0.932952 0.00116187
0.965997 0.932965 0.00115962
0.965974 0.933197 0.00115858
0.966136 0.933169 0.001153
0.966091 0.933247 0.00115055
0.9662 0.9333 0.00114833
0.966159 0.933376 0.00114597
0.966265 0.933431 0.00114368
0.966227 0.933505 0.00114142
0.966329 0.933561 0.00113907
0.966295 0.933633 0.00113689
0.966493 0.933749 0.00113568
0.96638 0.933861 0.00113038
0.966467 0.93387 0.001128
0.966449 0.933988 0.0011258
0.966533 0.933999 0.00112352
0.966517 0.934116 0.00112126
0.966598 0.934128 0.00111907
0.966585 0.934242 0.00111675
0.966663 0.934256 0.00111463
0.966643 0.934482 0.00111336
0.966798 0.934456 0.00110823
0.966755 0.934532 0.00110591
0.966861 0.934584 0.00110375
0.966822 0.934658 0.00110153
0.966925 0.934712 0.00109931
0.966888 0.934784 0.00109716
0.966988 0.93484 0.00109489
0.966955 0.934911 0.00109282
0.967148 0.935024 0.0010916
0.967038 0.935134 0.00108655
0.967124 0.935143 0.00108428
0.967105 0.935259 0.00108217
0.967188 0.935269 0.00107998
0.967172 0.935383 0.00107782
0.967251 0.935395 0.0010757
0.967239 0.935508 0.00107349
0.967315 0.935521 0.00107145
0.967294 0.935743 0.00107037
0.967448 0.935717 0.00106534
0.967405 0.935791 0.00106308
0.96751 0.935842 0.00106104
0.96747 0.935915 0.00105887
0.967572 0.935968 0.00105678
0.967535 0.936039 0.00105468
0.967635 0.936093 0.00105254
0.9676 0.936163 0.00105051
0.967794 0.936272 0.00104969
0.967681 0.936382 0.00104457
0.967767 0.93639 0.00104232
0.967747 0.936505 0.00104037
0.96783 0.936514 0.00103819
0.967812 0.936627 0.00103619
0.967893 0.936637 0.00103408
0.967877 0.936749 0.00103203
0.967955 0.93676 0.00103
0.967942 0.936871 0.0010279
0.968018 0.936883 0.00102592
0.967995 0.937102 0.00102508
0.968148 0.937074 0.00102013
0.968105 0.937148 0.00101793
0.968209 0.937197 0.00101603
0.968168 0.937269 0.00101391
0.96827 0.93732 0.00101195
0.968232 0.937391 0.0010099
0.968331 0.937442 0.0010079
0.968295 0.937512 0.00100591
0.968392 0.937564 0.00100387
0.968358 0.937632 0.00100194
0.968453 0.937685 0.000999868
0.968421 0.937753 0.000997981
0.968606 0.937861 0.000996958
0.9685 0.937966 0.00099231
0.968583 0.937975 0.000990212
0.968564 0.938086 0.000988335
0.968644 0.938095 0.000986301
0.968627 0.938205 0.000984383
0.968705 0.938215 0.000982407
0.96869 0.938324 0.000980452
0.968766 0.938335 0.00097853
0.968753 0.938443 0.000976542
0.968827 0.938455 0.000974669
0.968804 0.938668 0.000973922
0.968954 0.938641 0.000969188
0.968911 0.938713 0.000967093
0.969014 0.93876 0.00096531
0.968973 0.938831 0.000963275
0.969073 0.93888 0.000961454
0.969035 0.938949 0.000959475
0.969133 0.938999 0.000957617
0.969096 0.939067 0.00095569
0.969192 0.939117 0.000953801
0.969157 0.939185 0.000951922
0.969252 0.939236 0.000950004
0.969219 0.939302 0.00094817
0.969311 0.939354 0.000946226
0.96928 0.93942 0.000944435
0.969461 0.939524 0.000943591
0.969356 0.939628 0.000939109
0.969438 0.939635 0.0009371
0.969417 0.939744 0.000935363
0.969497 0.939752 0.000933405
0.969479 0.93986 0.000931635
0.969556 0.939869 0.000929727
0.96954 0.939976 0.000927927
0.969616 0.939986 0.000926064
0.969601 0.940091 0.000924238
0.969675 0.940102 0.000922417
0.969661 0.940207 0.000920566
0.969734 0.940218 0.000918786
0.969722 0.940322 0.000916912
0.969793 0.940334 0.000915169
0.969772 0.94054 0.000914444
0.969916 0.940514 0.000910036
0.969875 0.940584 0.000908071
0.969974 0.940629 0.000906414
0.969934 0.940698 0.000904496
0.970032 0.940745 0.00090281
0.969994 0.940813 0.000900935
0.97009 0.94086 0.000899224
0.970053 0.940927 0.00089739
0.970148 0.940975 0.000895655
0.970112 0.941041 0.000893859
0.970206 0.941089 0.000892103
0.970172 0.941155 0.000890343
0.970263 0.941204 0.000888568
0.970231 0.941268 0.000886842
0.970321 0.941318 0.00088505
0.970289 0.941382 0.000883356
0.970378 0.941432 0.000881548
0.970348 0.941495 0.000879884
0.970524 0.941595 0.000879148
0.970421 0.941696 0.000874952
0.970501 0.941702 0.000873069
0.97048 0.941808 0.000871481
0.970558 0.941815 0.000869636
0.970539 0.94192 0.000868026
0.970615 0.941928 0.000866218
0.970597 0.942032 0.000864588
0.970673 0.94204 0.000862814
0.970656 0.942144 0.000861165
0.97073 0.942153 0.000859424
0.970714 0.942255 0.000857759
0.970787 0.942265 0.000856048
0.970772 0.942366 0.000854368
0.970844 0.942376 0.000852686
0.97083 0.942477 0.000850992
0.970901 0.942488 0.000849338
0.970888 0.942588 0.000847632
0.970957 0.942599 0.000846004
0.970946 0.942699 0.000844287
0.971014 0.94271 0.000842684
0.971003 0.942809 0.000840956
0.971071 0.942821 0.000839377
0.971051 0.943018 0.000838673
0.971189 0.942993 0.000834682
0.971149 0.94306 0.000832886
0.971244 0.943104 0.000831384
0.971206 0.94317 0.000829617
0.9713 0.943214 0.0008281
0.971262 0.943279 0.000826361
0.971356 0.943324 0.000824832
0.971319 0.943389 0.000823119
0.971411 0.943433 0.000821577
0.971375 0.943498 0.000819891
0.971467 0.943543 0.000818338
0.971432 0.943607 0.000816675
0.971522 0.943652 0.000815113
0.971488 0.943716 0.000813473
0.971578 0.943761 0.000811902
0.971544 0.943824 0.000810284
0.971633 0.94387 0.000808705
0.9716 0.943933 0.000807108
0.971688 0.943979 0.000805522
0.971656 0.944041 0.000803945
0.971743 0.944087 0.000802352
0.971711 0.944149 0.000800795
0.971798 0.944195 0.000799197
0.971767 0.944256 0.000797658
0.971853 0.944303 0.000796055
0.971823 0.944364 0.000794534
0.971908 0.944411 0.000792926
0.971878 0.944471 0.000791422
0.971962 0.944518 0.000789811
0.971933 0.944578 0.000788323
0.972017 0.944626 0.000786709
0.971988 0.944685 0.000785236
0.972154 0.94478 0.00078462
0.972057 0.944875 0.00078087
0.972132 0.944881 0.000779179
0.972112 0.944981 0.0007778
0.972187 0.944987 0.000776128
0.972167 0.945087 0.000774743
0.972241 0.945094 0.00077309
0.972221 0.945193 0.000771699
0.972295 0.9452 0.000770064
0.972276 0.945298 0.000768669
0.972349 0.945305 0.00076705
0.972331 0.945404 0.000765651
0.972403 0.945411 0.000764049
0.972385 0.945509 0.000762647
0.972457 0.945516 0.000761059
0.972439 0.945614 0.000759655
0.972511 0.945621 0.000758082
0.972493 0.945719 0.000756676
0.972564 0.945726 0.000755117
0.972547 0.945823 0.00075371
0.972618 0.945831 0.000752164
0.972601 0.945928 0.000750756
0.972671 0.945936 0.000749223
0.972655 0.946032 0.000747815
0.972725 0.94604 0.000746294
0.972709 0.946136 0.000744886
0.972778 0.946144 0.000743377
0.972762 0.94624 0.00074197
0.972831 0.946248 0.000740472
0.972816 0.946343 0.000739066
0.972884 0.946352 0.000737578
0.972869 0.946447 0.000736174
0.972937 0.946455 0.000734696
0.972922 0.94655 0.000733294
0.97299 0.946558 0.000731826
0.972975 0.946653 0.000730426
0.973043 0.946661 0.000728967
0.973028 0.946756 0.000727571
0.973095 0.946764 0.00072612
0.973081 0.946858 0.000724727
0.973148 0.946867 0.000723284
0.973133 0.946961 0.000721895
0.9732 0.946969 0.00072046
0.973186 0.947063 0.000719075
0.973253 0.947072 0.000717647
0.973238 0.947165 0.000716266
0.973305 0.947174 0.000714846
0.973291 0.947267 0.00071347
0.973357 0.947275 0.000712056
0.973343 0.947368 0.000710685
0.973409 0.947377 0.000709277
0.973395 0.94747 0.000707911
0.973461 0.947478 0.000706509
0.973447 0.947571 0.000705149
0.973513 0.94758 0.000703752
0.973499 0.947672 0.000702399
0.973565 0.94768 0.000701007
0.97355 0.947773 0.00069966
0.973616 0.947781 0.000698272
0.973602 0.947873 0.000696933
0.973668 0.947882 0.000695549
0.973653 0.947974 0.000694216
0.973719 0.947982 0.000692837
0.973705 0.948074 0.000691512
0.973771 0.948082 0.000690135
0.973756 0.948174 0.000688818
0.973822 0.948182 0.000687444
0.973807 0.948274 0.000686136
0.973873 0.948282 0.000684765
0.973858 0.948374 0.000683464
0.973924 0.948382 0.000682096
0.973909 0.948473 0.000680804
0.973975 0.948481 0.000679437
0.97396 0.948572 0.000678155
0.974026 0.94858 0.00067679
0.97401 0.948671 0.000675517
0.974076 0.948679 0.000674153
0.974061 0.94877 0.00067289
0.974127 0.948778 0.000671527
0.974111 0.948869 0.000670274
0.974178 0.948877 0.000668911
0.974162 0.948968 0.000667669
0.974228 0.948975 0.000666306
0.974212 0.949066 0.000665075
0.974279 0.949073 0.000663711
0.974262 0.949164 0.000662492
0.974329 0.949171 0.000661127
0.974312 0.949262 0.000659919
0.974379 0.949269 0.000658553
0.974362 0.94936 0.000657358
0.974429 0.949366 0.00065599
0.974412 0.949457 0.000654807
0.974479 0.949464 0.000653437
0.974461 0.949555 0.000652267
0.974529 0.949561 0.000650894
0.974511 0.949652 0.000649737
0.974579 0.949658 0.000648362
0.97456 0.949749 0.000647219
0.974628 0.949755 0.00064584
0.974609 0.949846 0.000644711
0.974678 0.949851 0.000643328
0.974659 0.949943 0.000642214
0.974728 0.949948 0.000640826
0.974708 0.950039 0.000639727
0.974777 0.950044 0.000638334
0.974757 0.950135 0.000637251
0.974826 0.95014 0.000635853
0.974805 0.950232 0.000634786
0.974876 0.950236 0.000633381
0.974854 0.950327 0.000632332
0.974925 0.950332 0.00063092
0.974903 0.950423 0.000629888
0.974974 0.950427 0.000628468
0.974951 0.950519 0.000627454
0.975023 0.950522 0.000626027
0.975 0.950614 0.000625031
0.975072 0.950617 0.000623595
0.975048 0.950709 0.000622619
0.97512 0.950712 0.000621174
0.975096 0.950804 0.000620218
0.975169 0.950807 0.000618762
0.975144 0.950899 0.000617827
0.975218 0.950901 0.00061636
0.975192 0.950994 0.000615446
0.975266 0.950996 0.000613968
0.97524 0.951088 0.000613077
0.975315 0.95109 0.000611586
0.975287 0.951183 0.000610718
0.975363 0.951184 0.000609213
0.975335 0.951277 0.000608369
0.975411 0.951277 0.00060685
0.975382 0.951371 0.000606032
0.975459 0.951371 0.000604497
0.97543 0.951465 0.000603705
0.975508 0.951464 0.000602154
0.975477 0.951558 0.000601389
0.975555 0.951557 0.00059982
0.975524 0.951652 0.000599083
0.975603 0.95165 0.000597496
0.975571 0.951745 0.000596789
0.975651 0.951743 0.000595182
0.975618 0.951838 0.000594505
0.975699 0.951836 0.000592878
0.975664 0.951931 0.000592232
0.975747 0.951928 0.000590582
0.975711 0.952024 0.000589971
0.975794 0.95202 0.000588297
0.975757 0.952117 0.00058772
0.975842 0.952112 0.000586021
0.975804 0.952209 0.00058548
0.975889 0.952204 0.000583755
0.97585 0.952301 0.000583252
0.975936 0.952296 0.000581498
0.975896 0.952393 0.000581035
0.975984 0.952387 0.000579251
0.975942 0.952485 0.00057883
0.976031 0.952478 0.000577014
0.975988 0.952577 0.000576636
0.976078 0.952569 0.000574786
0.976056 0.952619 0.000573759
0.976194 0.952701 0.000573141
0.976114 0.952781 0.000570578
0.976178 0.952786 0.000569372
0.97616 0.952872 0.000568387
0.976224 0.952877 0.000567167
0.976205 0.952963 0.000566206
0.976271 0.952967 0.00056497
0.976251 0.953053 0.000564035
0.976317 0.953057 0.000562783
0.976296 0.953144 0.000561875
0.976364 0.953147 0.000560605
0.976342 0.953234 0.000559724
0.97641 0.953237 0.000558436
0.976387 0.953324 0.000557584
0.976456 0.953327 0.000556276
0.976432 0.953414 0.000555455
0.976503 0.953416 0.000554126
0.976477 0.953504 0.000553335
0.976549 0.953505 0.000551984
0.976522 0.953594 0.000551227
0.976595 0.953594 0.000549851
0.976567 0.953684 0.000549129
0.976641 0.953683 0.000547727
0.976611 0.953773 0.000547042
0.976686 0.953772 0.000545613
0.976656 0.953862 0.000544965
0.976732 0.95386 0.000543507
0.9767 0.953951 0.0005429
0.976778 0.953949 0.00054141
0.976744 0.95404 0.000540846
0.976824 0.954037 0.000539323
0.976788 0.954129 0.000538803
0.976869 0.954125 0.000537244
0.976832 0.954218 0.000536772
0.976915 0.954213 0.000535175
0.976876 0.954306 0.000534752
0.97696 0.9543 0.000533115
0.97692 0.954394 0.000532744
0.977005 0.954388 0.000531064
0.976984 0.954435 0.000530121
0.977117 0.954514 0.000529548
0.97704 0.95459 0.000527191
0.977102 0.954596 0.000526076
0.977084 0.954678 0.000525178
0.977146 0.954683 0.000524044
0.977127 0.954765 0.000523175
0.977191 0.954769 0.00052202
0.977171 0.954853 0.000521182
0.977236 0.954856 0.000520005
0.977214 0.95494 0.000519199
0.977281 0.954942 0.000517998
0.977257 0.955027 0.000517227
0.977325 0.955028 0.000516
0.977301 0.955114 0.000515265
0.97737 0.955114 0.000514011
0.977344 0.9552 0.000513314
0.977414 0.9552 0.00051203
0.977386 0.955287 0.000511374
0.977459 0.955286 0.000510058
0.977429 0.955373 0.000509444
0.977503 0.955371 0.000508094
0.977472 0.955459 0.000507526
0.977547 0.955457 0.00050614
0.977514 0.955545 0.00050562
0.977591 0.955542 0.000504194
0.977557 0.955631 0.000503725
0.977635 0.955627 0.000502256
0.977599 0.955717 0.000501842
0.97768 0.955711 0.000500328
0.977641 0.955803 0.000499972
0.977724 0.955796 0.000498408
0.977703 0.955842 0.000497526
0.977832 0.955919 0.000497002
0.977757 0.955993 0.000494786
0.977817 0.955998 0.000493737
0.977799 0.956078 0.000492905
0.97786 0.956082 0.000491833
0.977841 0.956162 0.000491035
0.977904 0.956166 0.000489938
0.977883 0.956247 0.000489175
0.977947 0.956249 0.000488051
0.977925 0.956331 0.000487325
0.97799 0.956333 0.000486172
0.977966 0.956416 0.000485485
0.978034 0.956416 0.000484302
0.978008 0.9565 0.000483657
0.978077 0.9565 0.00048244
0.978049 0.956584 0.00048184
0.97812 0.956583 0.000480586
0.97809 0.956668 0.000480034
0.978163 0.956666 0.00047874
0.978132 0.956751 0.00047824
0.978206 0.956748 0.000476904
0.978173 0.956835 0.000476458
0.978249 0.956831 0.000475075
0.978213 0.956918 0.000474688
0.978292 0.956913 0.000473256
0.978254 0.957002 0.000472931
0.978335 0.956995 0.000471445
0.978315 0.95704 0.000470607
0.97844 0.957114 0.000470164
0.978366 0.957187 0.000468033
0.978425 0.957191 0.00046703
0.978407 0.957269 0.000466262
0.978468 0.957273 0.000465233
0.978448 0.957352 0.000464502
0.97851 0.957354 0.000463444
0.978488 0.957434 0.000462751
0.978552 0.957436 0.000461663
0.978529 0.957516 0.000461012
0.978594 0.957517 0.000459889
0.978569 0.957598 0.000459283
0.978637 0.957598 0.000458124
0.978609 0.95768 0.000457566
0.978679 0.957679 0.000456368
0.978649 0.957762 0.000455861
0.978721 0.95776 0.000454619
0.978689 0.957844 0.000454168
0.978763 0.95784 0.000452879
0.978729 0.957925 0.000452488
0.978805 0.957921 0.000451147
0.978768 0.958007 0.000450821
0.978846 0.958001 0.000449424
0.978827 0.958044 0.00044863
0.978949 0.958117 0.00044819
0.978878 0.958187 0.000446177
0.978935 0.958192 0.000445223
0.978917 0.958268 0.000444494
0.978976 0.958271 0.000443513
0.978957 0.958349 0.000442821
0.979018 0.958351 0.00044181
0.978996 0.958429 0.000441159
0.979059 0.95843 0.000440115
0.979036 0.958509 0.000439508
0.9791 0.95851 0.000438427
0.979075 0.958589 0.000437868
0.979141 0.958589 0.000436748
0.979114 0.95867 0.00043624
0.979183 0.958668 0.000435077
0.979153 0.958749 0.000434625
0.979224 0.958746 0.000433413
0.979191 0.958829 0.000433022
0.979265 0.958825 0.000431758
0.97923 0.958909 0.000431433
0.979306 0.958903 0.000430112
0.979287 0.958946 0.000429355
0.979406 0.959017 0.000428922
0.979336 0.959086 0.000427009
0.979392 0.95909 0.000426099
0.979375 0.959165 0.000425403
0.979433 0.959168 0.000424464
0.979414 0.959244 0.000423807
0.979473 0.959246 0.000422836
0.979452 0.959322 0.000422222
0.979514 0.959324 0.000421216
0.97949 0.959401 0.000420648
0.979554 0.959401 0.000419604
0.979528 0.959479 0.000419087
0.979594 0.959478 0.000418
0.979566 0.959558 0.000417537
0.979635 0.959555 0.000416403
0.979604 0.959636 0.000416
0.979675 0.959632 0.000414815
0.979642 0.959714 0.000414476
0.979715 0.959709 0.000413235
0.979679 0.959792 0.000412967
0.979755 0.959786 0.000411663
0.979736 0.959828 0.000410928
0.979796 0.959862 0.0004101
0.979775 0.959905 0.000409348
0.979836 0.959938 0.000408545
0.979813 0.959982 0.000407774
0.979876 0.960015 0.000407
0.979852 0.960059 0.000406208
0.979916 0.96009 0.000405464
0.97989 0.960136 0.000404649
0.979956 0.960166 0.000403937
0.979928 0.960212 0.000403097
0.979996 0.960242 0.000402421
0.979966 0.960289 0.000401552
0.980036 0.960317 0.000400915
0.980004 0.960365 0.000400015
0.980076 0.960392 0.00039942
0.980042 0.960441 0.000398484
0.980116 0.960467 0.000397936
0.98008 0.960517 0.000396962
0.980156 0.960542 0.000396464
0.980118 0.960593 0.000395446
0.980196 0.960617 0.000395005
0.980155 0.960669 0.000393939
0.980236 0.960691 0.000393558
0.980193 0.960745 0.000392439
0.980276 0.960765 0.000392126
0.98023 0.96082 0.000390948
0.980273 0.96083 0.000390265
0.980261 0.960962 0.000389865
0.980353 0.960946 0.000388138
0.980325 0.960992 0.000387312
0.980393 0.96102 0.000386687
0.980362 0.961067 0.00038583
0.980432 0.961094 0.000385247
0.980399 0.961142 0.000384355
0.980471 0.961167 0.000383819
0.980436 0.961216 0.000382888
0.980511 0.961241 0.000382402
0.980473 0.961291 0.000381428
0.98055 0.961314 0.000380998
0.98051 0.961365 0.000379975
0.980589 0.961387 0.000379607
0.980547 0.96144 0.000378531
0.980629 0.96146 0.000378231
0.980583 0.961514 0.000377094
0.980626 0.961523 0.000376435
0.980614 0.961653 0.000376067
0.980705 0.961637 0.00037439
0.980677 0.961682 0.000373589
0.980743 0.96171 0.000372995
0.980713 0.961756 0.000372162
0.980782 0.961782 0.00037161
0.98075 0.96183 0.000370741
0.980821 0.961855 0.000370237
0.980786 0.961903 0.000369327
0.980859 0.961927 0.000368877
0.980822 0.961976 0.000367921
0.980898 0.961999 0.000367529
0.980858 0.962049 0.000366523
0.980937 0.96207 0.000366195
0.980894 0.962122 0.000365132
0.980976 0.962142 0.000364876
0.98093 0.962195 0.00036375
0.980972 0.962204 0.000363105
0.980959 0.962332 0.000362839
0.98105 0.962316 0.000361156
0.981021 0.962361 0.000360366
0.981088 0.962387 0.000359817
0.981057 0.962433 0.000358991
0.981126 0.962458 0.000358488
0.981093 0.962505 0.000357623
0.981165 0.962529 0.000357172
0.981128 0.962577 0.000356262
0.981203 0.9626 0.000355868
0.981164 0.962649 0.000354909
0.981241 0.96267 0.000354578
0.981199 0.962721 0.000353563
0.981279 0.96274 0.000353304
0.981234 0.962793 0.000352226
0.981276 0.962802 0.000351605
0.981263 0.962928 0.000351329
0.981353 0.962912 0.000349716
0.981324 0.962956 0.000348954
0.98139 0.962982 0.00034842
0.98136 0.963027 0.000347623
0.981428 0.963052 0.000347137
0.981395 0.963098 0.0003463
0.981465 0.963121 0.000345865
0.98143 0.963169 0.000344984
0.981503 0.963191 0.000344607
0.981464 0.96324 0.000343675
0.98154 0.96326 0.000343362
0.981499 0.963311 0.000342374
0.981578 0.963329 0.000342133
0.981534 0.963381 0.00034108
0.981575 0.96339 0.000340477
0.981568 0.963452 0.000339795
0.981611 0.963459 0.000339173
0.981602 0.963522 0.000338518
0.981647 0.963529 0.000337876
0.981636 0.963592 0.000337251
0.981683 0.963598 0.000336584
0.98167 0.963663 0.000335993
0.981719 0.963667 0.000335299
0.981704 0.963733 0.000334745
0.981755 0.963736 0.000334021
0.981738 0.963803 0.000333507
0.981791 0.963805 0.000332749
0.981771 0.963873 0.000332281
0.981827 0.963874 0.000331483
0.981805 0.963943 0.000331068
0.981863 0.963942 0.000330225
0.981838 0.964013 0.000329867
0.981899 0.96401 0.000328974
0.981871 0.964082 0.000328681
0.981935 0.964079 0.00032773
0.981904 0.964152 0.000327511
0.981971 0.964147 0.000326495
0.981953 0.964184 0.000325914
0.982007 0.964214 0.000325267
0.981988 0.964253 0.000324668
0.982043 0.964282 0.000324048
0.982022 0.964321 0.000323427
0.982079 0.964349 0.000322839
0.982055 0.96439 0.000322193
0.982115 0.964417 0.000321639
0.982089 0.964458 0.000320964
0.982151 0.964484 0.000320449
0.982123 0.964526 0.000319743
0.982187 0.964551 0.00031927
0.982156 0.964594 0.000318527
0.982223 0.964618 0.000318104
0.98219 0.964663 0.000317318
0.982259 0.964684 0.00031695
0.982223 0.96473 0.000316117
0.982295 0.96475 0.000315811
0.982256 0.964798 0.000314922
0.982331 0.964817 0.000314686
0.982289 0.964866 0.000313736
0.982329 0.964874 0.000313184
0.982322 0.964934 0.000312557
0.982363 0.964941 0.000311987
0.982355 0.965001 0.000311386
0.982398 0.965008 0.000310796
0.982388 0.965069 0.000310225
0.982432 0.965074 0.000309611
0.98242 0.965136 0.000309073
0.982467 0.96514 0.000308431
0.982452 0.965203 0.000307932
0.982502 0.965206 0.000307258
0.982484 0.965271 0.000306801
0.982536 0.965272 0.000306091
0.982516 0.965338 0.000305682
0.982571 0.965338 0.000304931
0.982548 0.965405 0.000304576
0.982605 0.965404 0.000303777
0.982579 0.965472 0.000303485
0.98264 0.965469 0.000302631
0.982611 0.965539 0.000302409
0.982674 0.965534 0.000301492
0.982658 0.96557 0.000300961
0.982709 0.965599 0.000300361
0.982691 0.965636 0.000299812
0.982744 0.965664 0.000299239
0.982723 0.965702 0.000298668
0.982778 0.965729 0.000298126
0.982756 0.965768 0.000297531
0.982813 0.965794 0.000297022
0.982788 0.965833 0.000296399
0.982847 0.965858 0.000295929
0.982821 0.965899 0.000295273
0.982882 0.965922 0.000294847
0.982853 0.965965 0.000294153
0.982917 0.965986 0.000293778
0.982885 0.96603 0.00029304
0.982952 0.96605 0.000292722
0.982916 0.966095 0.000291934
0.982987 0.966114 0.000291681
0.982948 0.96616 0.000290835
0.982985 0.966169 0.000290333
0.982975 0.966282 0.000290056
0.983054 0.966269 0.000288771
0.983029 0.966309 0.000288151
0.983089 0.966332 0.000287713
0.983061 0.966373 0.000287058
0.983123 0.966395 0.000286667
0.983093 0.966438 0.000285972
0.983157 0.966459 0.000285633
0.983124 0.966502 0.000284892
0.983192 0.966521 0.000284614
0.983155 0.966567 0.000283819
0.983227 0.966584 0.00028361
0.983187 0.966631 0.000282753
0.983224 0.966639 0.000282256
0.983218 0.966695 0.000281695
0.983257 0.966702 0.000281179
0.983248 0.966759 0.000280646
0.98329 0.966765 0.000280108
0.983279 0.966824 0.000279606
0.983323 0.966828 0.000279043
0.98331 0.966888 0.000278575
0.983355 0.966891 0.000277983
0.98334 0.966952 0.000277555
0.983388 0.966954 0.000276929
0.98337 0.967016 0.000276547
0.983421 0.967016 0.000275882
0.9834 0.967079 0.000275551
0.983454 0.967078 0.000274841
0.98343 0.967143 0.000274569
0.983487 0.967141 0.000273806
0.98346 0.967207 0.000273603
0.98352 0.967203 0.000272779
0.983504 0.967237 0.0002723
0.983553 0.967264 0.00027176
0.983535 0.967299 0.000271262
0.983586 0.967326 0.00027075
0.983566 0.967362 0.00027023
0.983619 0.967388 0.000269748
0.983597 0.967425 0.000269203
0.983652 0.967449 0.000268756
0.983628 0.967487 0.000268182
0.983685 0.96751 0.000267775
0.983658 0.96755 0.000267166
0.983718 0.967571 0.000266805
0.983689 0.967612 0.000266157
0.983752 0.967632 0.000265849
0.983719 0.967674 0.000265154
0.983785 0.967692 0.000264907
0.983749 0.967736 0.000264158
0.983819 0.967753 0.000263982
0.983779 0.967798 0.00026317
0.983816 0.967806 0.000262702
0.983809 0.96786 0.000262189
0.983847 0.967867 0.000261702
0.983839 0.967922 0.000261217
0.983879 0.967927 0.000260707
0.983868 0.967984 0.000260254
0.983911 0.967988 0.000259718
0.983897 0.968046 0.000259301
0.983943 0.968049 0.000258734
0.983926 0.968108 0.000258359
0.983975 0.968109 0.000257756
0.983955 0.96817 0.000257429
0.984006 0.968169 0.000256784
0.983984 0.968231 0.000256513
0.984038 0.968229 0.000255819
0.984013 0.968293 0.000255613
0.98407 0.968289 0.000254861
0.984055 0.968322 0.000254417
0.984102 0.968349 0.00025391
0.984085 0.968382 0.000253449
0.984134 0.968408 0.000252967
0.984115 0.968443 0.000252485
0.984166 0.968468 0.000252034
0.984145 0.968504 0.000251527
0.984198 0.968527 0.00025111
0.984174 0.968564 0.000250574
0.98423 0.968586 0.000250196
0.984204 0.968624 0.000249627
0.984262 0.968645 0.000249295
0.984233 0.968685 0.000248686
0.984294 0.968703 0.000248407
0.984262 0.968745 0.000247751
0.984327 0.968762 0.000247533
0.984291 0.968805 0.000246823
0.984325 0.968813 0.000246398
0.984315 0.968917 0.000246185
0.984389 0.968904 0.000245085
0.984366 0.968941 0.000244554
0.984421 0.968963 0.000244196
0.984395 0.969001 0.00024363
0.984453 0.969021 0.00024332
0.984423 0.96906 0.000242713
0.984485 0.969079 0.000242458
0.984452 0.96912 0.000241802
0.984517 0.969136 0.000241611
0.984481 0.969179 0.000240898
0.984515 0.969187 0.000240478
0.984509 0.969239 0.000240002
0.984545 0.969245 0.000239564
0.984538 0.969298 0.000239113
0.984576 0.969303 0.000238655
0.984566 0.969357 0.000238234
0.984606 0.969361 0.00023775
0.984594 0.969416 0.000237364
0.984637 0.969419 0.000236851
0.984621 0.969475 0.000236505
0.984667 0.969477 0.000235957
0.984649 0.969534 0.000235658
0.984698 0.969534 0.00023507
0.984676 0.969594 0.000234825
0.984728 0.969592 0.000234189
0.984703 0.969653 0.000234007
0.984759 0.969649 0.000233314
0.984744 0.96968 0.000232906
0.984789 0.969706 0.000232447
0.984773 0.969738 0.000232021
0.98482 0.969763 0.000231588
0.984801 0.969796 0.000231141
0.98485 0.969819 0.000230738
0.98483 0.969854 0.000230266
0.984881 0.969876 0.000229898
0.984858 0.969912 0.000229396
0.984912 0.969932 0.000229069
0.984886 0.96997 0.000228532
0.984943 0.969989 0.000228252
0.984914 0.970027 0.000227673
0.984974 0.970045 0.000227449
0.984941 0.970085 0.000226821
0.985005 0.9701 0.000226662
0.984969 0.970143 0.000225976
0.985003 0.970149 0.000225577
0.984996 0.9702 0.000225138
0.985032 0.970206 0.000224721
0.985024 0.970257 0.000224309
0.985062 0.970262 0.000223869
0.985051 0.970315 0.000223488
0.985091 0.970318 0.000223023
0.985078 0.970372 0.000222678
0.985121 0.970374 0.000222181
0.985104 0.97043 0.000221879
0.98515 0.97043 0.000221346
0.985131 0.970487 0.000221093
0.98518 0.970486 0.000220516
0.985157 0.970544 0.000220322
0.985209 0.970541 0.000219692
0.985196 0.970571 0.000219315
0.985282 0.970622 0.000219142
0.98523 0.970671 0.000218154
0.985272 0.970674 0.000217677
0.985257 0.970728 0.00021737
0.985301 0.970729 0.000216858
0.985283 0.970785 0.000216598
0.98533 0.970784 0.000216045
0.985309 0.970841 0.00021584
0.98536 0.970839 0.000215238
0.985334 0.970898 0.000215099
0.985389 0.970894 0.000214438
0.985374 0.970924 0.000214056
0.985418 0.970948 0.000213645
0.985402 0.97098 0.000213245
0.985448 0.971003 0.000212861
0.985429 0.971035 0.000212438
0.985477 0.971057 0.000212086
0.985456 0.971091 0.000211636
0.985507 0.971111 0.000211321
0.985483 0.971146 0.000210839
0.985537 0.971165 0.000210568
0.98551 0.971202 0.000210048
0.985567 0.971219 0.000209829
0.985536 0.971257 0.000209263
0.985597 0.971272 0.000209105
0.985563 0.971312 0.000208484
0.985595 0.971319 0.000208119
0.985589 0.971368 0.000207713
0.985623 0.971373 0.00020733
0.985615 0.971423 0.000206949
0.985651 0.971427 0.000206545
0.985641 0.971478 0.000206195
0.98568 0.971481 0.000205766
0.985667 0.971533 0.00020545
0.985708 0.971535 0.000204991
0.985692 0.971588 0.000204717
0.985736 0.971588 0.000204221
0.985717 0.971643 0.000203996
0.985765 0.971642 0.000203458
0.985742 0.971698 0.000203291
0.985793 0.971695 0.000202701
0.98578 0.971724 0.000202349
0.985822 0.971748 0.00020195
0.985807 0.971778 0.000201582
0.98585 0.971801 0.000201208
0.985833 0.971832 0.00020082
0.985879 0.971854 0.000200474
0.985859 0.971886 0.000200061
0.985908 0.971907 0.00019975
0.985886 0.97194 0.000199308
0.985937 0.971959 0.000199037
0.985912 0.971994 0.00019856
0.985966 0.972011 0.000198337
0.985937 0.972048 0.000197818
0.985995 0.972063 0.000197651
0.985963 0.972102 0.000197082
0.985994 0.972108 0.000196742
0.985989 0.972155 0.000196353
0.986021 0.972161 0.000195996
0.986014 0.972209 0.000195632
0.986049 0.972214 0.000195255
0.986039 0.972263 0.000194919
0.986076 0.972266 0.000194519
0.986064 0.972316 0.000194215
0.986104 0.972318 0.000193787
0.986089 0.97237 0.000193523
0.986131 0.97237 0.00019306
0.986113 0.972423 0.000192843
0.986159 0.972422 0.000192339
0.986138 0.972477 0.000192178
0.986187 0.972474 0.000191624
0.986174 0.972502 0.000191292
0.986215 0.972526 0.000190916
0.9862 0.972555 0.000190568
0.986242 0.972577 0.000190215
0.986226 0.972607 0.000189848
0.98627 0.972628 0.000189523
0.986251 0.97266 0.000189132
0.986298 0.972679 0.000188841
0.986276 0.972712 0.000188421
0.986327 0.97273 0.00018817
0.986302 0.972765 0.000187715
0.986355 0.972781 0.000187511
0.986327 0.972817 0.000187015
0.986383 0.972832 0.000186867
0.986352 0.972869 0.000186321
0.986382 0.972875 0.000185996
0.986376 0.972921 0.000185634
0.986409 0.972927 0.000185293
0.986401 0.972974 0.000184954
0.986435 0.972978 0.000184593
0.986425 0.973026 0.000184283
0.986462 0.973029 0.000183898
0.986449 0.973078 0.000183622
0.986489 0.973079 0.000183207
0.986473 0.97313 0.000182972
0.986516 0.97313 0.000182522
0.986497 0.973182 0.000182335
0.986543 0.97318 0.000181842
0.98652 0.973234 0.000181714
0.98657 0.973231 0.000181169
0.986557 0.973259 0.000180849
0.986597 0.973281 0.000180502
0.986582 0.97331 0.000180165
0.986624 0.973331 0.000179844
0.986606 0.973361 0.000179486
0.986651 0.973381 0.000179194
0.986631 0.973412 0.000178811
0.986679 0.97343 0.000178554
0.986656 0.973463 0.000178141
0.986706 0.97348 0.000177927
0.98668 0.973514 0.000177476
0.986734 0.973529 0.000177313
0.986704 0.973565 0.000176816
0.986733 0.973571 0.000176514
0.986724 0.97366 0.000176382
0.986787 0.973649 0.000175587
0.986767 0.97368 0.000175202
0.986815 0.973698 0.000174964
0.986791 0.973731 0.000174546
0.986842 0.973747 0.000174353
0.986815 0.973781 0.000173896
0.986869 0.973795 0.000173757
0.986839 0.973832 0.000173252
0.986868 0.973838 0.000172951
0.986863 0.973882 0.000172614
0.986894 0.973887 0.000172297
0.986886 0.973932 0.000171984
0.98692 0.973936 0.000171647
0.98691 0.973983 0.000171362
0.986946 0.973985 0.000171002
0.986933 0.974033 0.00017075
0.986971 0.974034 0.000170361
0.986956 0.974083 0.00017015
0.986997 0.974083 0.000169725
0.986979 0.974134 0.000169562
0.987023 0.974131 0.000169095
0.987001 0.974184 0.00016899
0.98705 0.97418 0.000168471
0.987036 0.974207 0.00016817
0.987076 0.974228 0.000167854
0.98706 0.974256 0.000167535
0.987102 0.974276 0.000167245
0.987084 0.974306 0.000166905
0.987128 0.974324 0.000166645
0.987108 0.974355 0.000166279
0.987155 0.974372 0.000166055
0.987132 0.974404 0.000165657
0.987182 0.974419 0.000165478
0.987155 0.974453 0.000165041
0.987208 0.974467 0.000164915
0.987178 0.974502 0.000164431
0.987207 0.974508 0.000164143
0.987201 0.974551 0.000163827
0.987232 0.974556 0.000163524
0.987224 0.974601 0.000163231
0.987257 0.974604 0.000162908
0.987247 0.97465 0.000162643
0.987282 0.974652 0.000162296
0.98727 0.974699 0.000162065
0.987308 0.974699 0.000161689
0.987292 0.974748 0.000161499
0.987333 0.974747 0.000161087
0.987314 0.974797 0.000160946
0.987358 0.974794 0.000160491
0.987347 0.97482 0.000160215
0.987384 0.974841 0.0001599
0.98737 0.974868 0.00015961
0.98741 0.974888 0.000159317
0.987394 0.974916 0.000159008
0.987435 0.974935 0.000158742
0.987417 0.974964 0.000158411
0.987461 0.974982 0.000158176
0.98744 0.975012 0.000157818
0.987487 0.975028 0.000157622
0.987463 0.97506 0.00015723
0.987513 0.975074 0.00015708
0.987486 0.975108 0.000156647
0.987513 0.975114 0.000156382
0.987504 0.975198 0.000156259
0.987564 0.975187 0.000155561
0.987544 0.975217 0.000155221
0.987589 0.975233 0.000155013
0.987567 0.975264 0.000154642
0.987615 0.975279 0.000154476
0.987589 0.975312 0.000154068
0.987641 0.975325 0.000153954
0.987612 0.975359 0.000153499
0.98764 0.975365 0.00015323
0.987634 0.975407 0.000152937
0.987664 0.975411 0.000152652
0.987656 0.975454 0.000152382
0.987688 0.975457 0.000152078
0.987678 0.975502 0.000151836
0.987713 0.975504 0.000151508
0.9877 0.975549 0.0001513
0.987737 0.975549 0.000150943
0.987721 0.975596 0.000150775
0.987762 0.975595 0.000150382
0.987742 0.975644 0.000150264
0.987786 0.975641 0.000149827
0.987775 0.975666 0.000149566
0.987811 0.975686 0.000149278
0.987797 0.975713 0.000149002
0.987836 0.975732 0.000148737
0.98782 0.975759 0.000148442
0.987861 0.975777 0.000148203
0.987842 0.975806 0.000147886
0.987886 0.975822 0.00014768
0.987864 0.975852 0.000147334
0.987911 0.975867 0.000147168
0.987886 0.975898 0.000146787
0.987936 0.975911 0.000146669
0.987908 0.975945 0.000146245
0.987935 0.97595 0.000145991
0.98793 0.975991 0.00014571
0.987959 0.975995 0.000145441
0.987951 0.976037 0.000145181
0.987982 0.976041 0.000144894
0.987973 0.976084 0.000144661
0.988006 0.976086 0.000144351
0.987994 0.97613 0.000144151
0.98803 0.97613 0.000143813
0.988015 0.976176 0.000143651
0.988054 0.976175 0.000143279
0.988035 0.976222 0.000143166
0.988078 0.97622 0.000142751
0.988067 0.976244 0.000142503
0.988102 0.976264 0.000142229
0.988089 0.97629 0.000141966
0.988126 0.976308 0.000141713
0.988111 0.976335 0.000141433
0.988151 0.976352 0.000141207
0.988132 0.97638 0.000140903
0.988175 0.976396 0.000140709
0.988154 0.976426 0.000140378
0.9882 0.97644 0.000140223
0.988176 0.976471 0.000139857
0.988225 0.976483 0.000139751
0.988197 0.976516 0.000139342
0.988223 0.976521 0.000139099
0.988218 0.976561 0.000138833
0.988246 0.976566 0.000138575
0.988239 0.976606 0.000138331
0.98827 0.97661 0.000138055
0.98826 0.976652 0.000137838
0.988293 0.976653 0.000137539
0.98828 0.976697 0.000137354
0.988316 0.976697 0.000137026
0.9883 0.976742 0.000136881
0.98834 0.976741 0.000136519
0.98832 0.976787 0.000136422
0.988363 0.976784 0.000136017
0.988352 0.976808 0.000135777
0.988387 0.976828 0.000135521
0.988373 0.976853 0.000135267
0.98841 0.976871 0.000135032
0.988394 0.976897 0.000134759
0.988434 0.976914 0.000134552
0.988416 0.976941 0.000134256
0.988458 0.976956 0.000134082
0.988437 0.976986 0.000133757
0.988482 0.976999 0.000133623
0.988458 0.97703 0.000133262
0.988507 0.977041 0.000133179
0.988478 0.977074 0.000132773
0.988505 0.977079 0.000132536
0.988499 0.977118 0.00013229
0.988527 0.977122 0.000132038
0.988519 0.977162 0.000131815
0.98855 0.977165 0.000131544
0.988539 0.977206 0.000131348
0.988573 0.977208 0.000131053
0.988559 0.977251 0.000130892
0.988596 0.97725 0.000130566
0.988579 0.977295 0.000130447
0.988619 0.977293 0.000130085
0.988608 0.977316 0.000129863
0.988642 0.977335 0.000129609
0.988629 0.977359 0.000129374
0.988665 0.977377 0.000129139
0.98865 0.977402 0.000128888
0.988688 0.977419 0.000128677
0.988671 0.977446 0.000128406
0.988711 0.977461 0.000128224
0.988692 0.977489 0.000127928
0.988735 0.977503 0.000127782
0.988712 0.977532 0.000127454
0.988759 0.977544 0.000127352
0.988732 0.977575 0.000126985
0.988757 0.97758 0.000126765
0.988753 0.977618 0.000126522
0.98878 0.977623 0.000126288
0.988772 0.977662 0.000126066
0.988802 0.977665 0.000125815
0.988792 0.977705 0.000125617
0.988824 0.977706 0.000125345
0.988812 0.977748 0.000125178
0.988846 0.977748 0.000124879
0.988831 0.977791 0.000124751
0.988869 0.97779 0.000124418
0.98885 0.977834 0.000124336
0.988891 0.977831 0.000123962
0.98888 0.977854 0.000123742
0.988914 0.977872 0.000123512
0.9889 0.977897 0.000123277
0.988936 0.977914 0.000123069
0.988921 0.977939 0.000122816
0.988959 0.977955 0.000122634
0.988941 0.977981 0.000122358
0.988982 0.977995 0.000122209
0.988961 0.978024 0.000121904
0.989005 0.978036 0.000121797
0.988981 0.978066 0.000121456
0.989005 0.978071 0.000121248
0.989 0.978108 0.000121012
0.989026 0.978112 0.000120792
0.98902 0.97815 0.000120575
0.989048 0.978153 0.000120339
0.989039 0.978192 0.000120146
0.98907 0.978194 0.000119889
0.989058 0.978235 0.000119725
0.989091 0.978235 0.000119444
0.989077 0.978277 0.000119316
0.989113 0.978276 0.000119003
0.989095 0.978319 0.000118919
0.989135 0.978316 0.000118566
0.989124 0.978339 0.000118358
0.989157 0.978357 0.000118136
0.989144 0.97838 0.000117913
0.98918 0.978397 0.000117712
0.989164 0.978422 0.000117472
0.989202 0.978437 0.000117297
0.989184 0.978463 0.000117035
0.989224 0.978477 0.000116891
0.989204 0.978504 0.000116601
0.989247 0.978516 0.000116496
0.989223 0.978546 0.000116172
0.989246 0.978551 0.000115974
0.989242 0.978587 0.000115748
0.989268 0.978591 0.000115538
0.989261 0.978628 0.000115331
0.989289 0.978631 0.000115105
0.98928 0.978669 0.000114921
0.98931 0.978671 0.000114675
0.989299 0.978711 0.000114519
0.989331 0.978711 0.00011425
0.989317 0.978752 0.000114128
0.989353 0.978751 0.000113828
0.989335 0.978793 0.00011375
0.989374 0.97879 0.000113411
0.989364 0.978813 0.000113211
0.989396 0.97883 0.000113
0.989383 0.978853 0.000112786
0.989418 0.978869 0.000112596
0.989402 0.978894 0.000112365
0.989439 0.978908 0.0001122
0.989422 0.978934 0.000111947
0.989461 0.978947 0.000111813
0.989441 0.978974 0.000111533
0.989484 0.978986 0.000111438
0.98946 0.979015 0.000111123
0.989483 0.97902 0.000110932
0.989478 0.979055 0.000110719
0.989504 0.979059 0.000110515
0.989497 0.979095 0.000110321
0.989524 0.979098 0.000110102
0.989515 0.979136 0.00010993
0.989545 0.979137 0.000109691
0.989533 0.979176 0.000109549
0.989566 0.979176 0.000109285
0.989551 0.979217 0.000109178
0.989587 0.979215 0.000108883
0.989578 0.979236 0.000108699
0.989608 0.979254 0.000108485
0.989597 0.979276 0.000108291
0.989629 0.979292 0.000108094
0.989616 0.979315 0.000107885
0.989651 0.979331 0.000107709
0.989635 0.979355 0.000107483
0.989672 0.979369 0.000107333
0.989654 0.979395 0.000107084
0.989694 0.979407 0.000106966
0.989672 0.979434 0.000106689
0.989715 0.979445 0.000106612
0.989691 0.979474 0.000106298
0.989714 0.979478 0.000106112
0.989709 0.979513 0.000105913
0.989734 0.979517 0.000105714
0.989727 0.979553 0.000105535
0.989755 0.979555 0.000105319
0.989745 0.979592 0.000105164
0.989775 0.979593 0.000104928
0.989763 0.979632 0.000104803
0.989796 0.979631 0.00010454
0.98978 0.979671 0.000104453
0.989816 0.979669 0.000104157
0.989807 0.97969 0.000103977
0.989837 0.979707 0.000103779
0.989825 0.979729 0.000103587
0.989858 0.979745 0.000103407
0.989844 0.979768 0.0001032
0.989879 0.979782 0.000103042
0.989862 0.979806 0.000102816
0.9899 0.97982 0.000102686
0.989881 0.979845 0.000102436
0.989921 0.979857 0.00010234
0.989899 0.979884 0.000102059
0.989921 0.979889 0.000101886
0.989917 0.979923 0.000101688
0.98994 0.979927 0.000101504
0.989934 0.979961 0.000101323
0.98996 0.979964 0.000101124
0.989952 0.98 0.000100964
0.98998 0.980002 0.000100747
0.989969 0.980039 0.000100613
0.99 0.980039 0.000100374
0.989986 0.980078 0.000100273
0.99002 0.980076 0.000100005
0.990012 0.980096 9.98374e-05
0.990041 0.980113 9.96409e-05
0.99003 0.980134 9.94627e-05
0.990061 0.98015 9.92819e-05
0.990048 0.980172 9.90905e-05
0.990081 0.980187 9.89295e-05
0.990066 0.98021 9.87213e-05
0.990102 0.980224 9.85851e-05
0.990084 0.980248 9.83555e-05
0.990123 0.98026 9.82502e-05
0.990102 0.980286 9.79935e-05
0.990144 0.980296 9.79272e-05
0.99012 0.980324 9.76359e-05
0.990142 0.980328 9.74633e-05
0.990137 0.980362 9.72836e-05
0.990162 0.980365 9.70985e-05
0.990155 0.9804 9.69376e-05
0.990181 0.980402 9.67366e-05
0.990172 0.980438 9.65992e-05
0.990201 0.980438 9.63779e-05
0.990188 0.980476 9.62701e-05
0.990221 0.980475 9.60229e-05
0.990205 0.980514 9.59523e-05
0.99024 0.980511 9.56722e-05
0.990231 0.980531 9.55046e-05
0.99026 0.980547 9.53266e-05
0.990249 0.980568 9.51471e-05
0.99028 0.980583 9.49871e-05
0.990266 0.980606 9.47924e-05
0.9903 0.980619 9.46549e-05
0.990284 0.980643 9.44407e-05
0.990321 0.980655 9.43317e-05
0.990301 0.98068 9.40927e-05
0.990341 0.98069 9.40194e-05
0.990319 0.980717 9.37489e-05
0.99034 0.980721 9.35858e-05
0.990336 0.980754 9.341e-05
0.990359 0.980757 9.32354e-05
0.990353 0.980791 9.3077e-05
0.990378 0.980793 9.28877e-05
0.990369 0.980828 9.27511e-05
0.990398 0.980829 9.25431e-05
0.990386 0.980866 9.24339e-05
0.990417 0.980865 9.2202e-05
0.990402 0.980903 9.21274e-05
0.990436 0.980901 9.1865e-05
0.990427 0.98092 9.17059e-05
0.990456 0.980936 9.15328e-05
0.990444 0.980957 9.13626e-05
0.990475 0.980972 9.12063e-05
0.990462 0.980993 9.10219e-05
0.990495 0.981007 9.08869e-05
0.990479 0.98103 9.06842e-05
0.990515 0.981042 9.05759e-05
0.990496 0.981066 9.035e-05
0.990535 0.981076 9.02755e-05
0.990513 0.981102 9.00197e-05
0.990534 0.981107 8.98642e-05
0.99053 0.981139 8.96942e-05
0.990553 0.981142 8.95278e-05
0.990546 0.981175 8.93743e-05
0.990572 0.981177 8.91941e-05
0.990563 0.981212 8.90613e-05
0.99059 0.981213 8.88632e-05
0.990579 0.981248 8.87567e-05
0.990609 0.981248 8.85357e-05
0.990595 0.981284 8.84625e-05
0.990628 0.981282 8.82122e-05
0.990619 0.981302 8.80599e-05
0.990647 0.981317 8.78933e-05
0.990636 0.981337 8.77304e-05
0.990666 0.981352 8.75801e-05
0.990653 0.981373 8.74034e-05
0.990686 0.981386 8.72736e-05
0.99067 0.981409 8.70793e-05
0.990705 0.981421 8.69755e-05
0.990687 0.981444 8.67585e-05
0.990725 0.981455 8.66876e-05
0.990704 0.98148 8.64417e-05
0.990724 0.981484 8.62922e-05
0.99072 0.981516 8.61295e-05
0.990743 0.981519 8.59694e-05
0.990736 0.981551 8.58228e-05
0.990761 0.981553 8.56491e-05
0.990752 0.981587 8.55229e-05
0.990779 0.981588 8.53317e-05
0.990768 0.981623 8.52314e-05
0.990798 0.981622 8.50176e-05
0.990783 0.981658 8.495e-05
0.990816 0.981656 8.47074e-05
0.990807 0.981675 8.45604e-05
0.990835 0.98169 8.44018e-05
0.990824 0.98171 8.42442e-05
0.990854 0.981724 8.41017e-05
0.990841 0.981745 8.39305e-05
0.990873 0.981758 8.38085e-05
0.990857 0.98178 8.36197e-05
0.990892 0.981792 8.35236e-05
0.990874 0.981815 8.33122e-05
0.990911 0.981825 8.3249e-05
0.99089 0.98185 8.30086e-05
0.99091 0.981854 8.28637e-05
