0 0 1
0.161003 0 0.771111
0.161047 0.0265124 0.703876
0.201483 0.0237947 0.665856
0.202794 0.0419183 0.635601
0.230384 0.03928 0.611344
0.231829 0.0541633 0.590105
0.256874 0.0528314 0.569536
0.257601 0.06702 0.5512
0.276765 0.065387 0.535639
0.277872 0.0774819 0.521476
0.296732 0.0767937 0.507256
0.297092 0.0883061 0.494079
0.314502 0.0882019 0.481377
0.314624 0.0991557 0.469744
0.329759 0.0987909 0.459123
0.329902 0.108968 0.449033
0.343669 0.1087 0.439623
0.343767 0.118323 0.430643
0.356072 0.118052 0.422274
0.356296 0.126986 0.414355
0.367873 0.126915 0.406667
0.368006 0.135523 0.399418
0.378868 0.135362 0.392494
0.378882 0.143727 0.38579
0.388738 0.143455 0.379513
0.388897 0.151292 0.373448
0.398452 0.151212 0.367563
0.398449 0.158936 0.361866
0.407107 0.158691 0.356485
0.407304 0.165896 0.351288
0.415974 0.165897 0.346181
0.415874 0.173197 0.341209
0.423282 0.172896 0.336537
0.423817 0.180231 0.332024
0.43059 0.179573 0.327632
0.43141 0.186723 0.323331
0.43811 0.186067 0.31917
0.438662 0.192936 0.315126
0.445201 0.192384 0.311188
0.445629 0.19919 0.307363
0.451851 0.198572 0.303601
0.452346 0.205117 0.29995
0.45841 0.204605 0.296383
0.45881 0.211078 0.29292
0.464343 0.210545 0.289498
0.465197 0.217217 0.28608
0.47033 0.216536 0.282735
0.471728 0.223797 0.279232
0.476818 0.2228 0.275795
0.478197 0.229877 0.272424
0.4832 0.228931 0.269154
0.484325 0.235589 0.266024
0.48915 0.234789 0.262973
0.490214 0.24134 0.259988
0.495011 0.240531 0.257043
0.495787 0.24646 0.254273
0.500257 0.245946 0.251602
0.501257 0.252253 0.248844
0.505414 0.251562 0.246122
0.507487 0.259434 0.242927
0.511622 0.258292 0.239714
0.515878 0.26931 0.235386
0.52033 0.267567 0.231092
0.527363 0.282543 0.225349
0.532516 0.280115 0.219738
0.534728 0.287829 0.216837
0.538763 0.286684 0.214022
0.540112 0.293097 0.211686
0.543788 0.292266 0.209312
0.54538 0.298929 0.206902
0.549108 0.298029 0.204522
0.550257 0.303963 0.202408
0.553758 0.30325 0.200287
0.555009 0.309335 0.198186
0.558569 0.30855 0.196051
0.55944 0.313908 0.19418
0.562733 0.313344 0.192308
0.563805 0.318997 0.190392
0.567203 0.31832 0.188469
0.567866 0.323103 0.186779
0.570909 0.322722 0.185153
0.571962 0.328188 0.183326
0.574965 0.327614 0.181537
0.576901 0.334511 0.1793
0.580293 0.333581 0.177152
0.581148 0.338664 0.175523
0.584037 0.338154 0.173893
0.585536 0.344291 0.171987
0.588731 0.343503 0.170104
0.589405 0.34804 0.168629
0.592342 0.347652 0.16722
0.592667 0.351594 0.165931
0.595371 0.351389 0.164672
0.595908 0.355719 0.163328
0.59879 0.355349 0.161994
0.598999 0.359092 0.16081
0.601633 0.358916 0.159624
0.602052 0.362925 0.158384
0.604789 0.362648 0.157166
0.604995 0.366299 0.156037
0.607586 0.366129 0.154908
0.607881 0.369843 0.153768
0.610488 0.369648 0.152649
0.610691 0.373212 0.151568
0.613241 0.37305 0.150491
0.613441 0.376575 0.149435
0.615972 0.376414 0.148382
0.616118 0.379659 0.147366
0.61848 0.379624 0.146395
0.61877 0.383169 0.145345
0.621292 0.382992 0.144327
0.621338 0.386072 0.143385
0.623634 0.386065 0.142466
0.623884 0.389562 0.141474
0.626172 0.389381 0.140482
0.626675 0.393346 0.13941
0.62915 0.393004 0.138328
0.629328 0.396308 0.137404
0.631535 0.396169 0.136478
0.631979 0.399922 0.135467
0.63436 0.399634 0.134465
0.634514 0.402883 0.133587
0.636708 0.402732 0.132691
0.637023 0.40624 0.131772
0.639321 0.405998 0.130837
0.639441 0.408947 0.130003
0.641667 0.40891 0.129202
0.641626 0.411544 0.128434
0.643683 0.411628 0.127691
0.643778 0.41454 0.126895
0.645794 0.414491 0.126117
0.646106 0.417858 0.125258
0.648333 0.417636 0.124398
0.64835 0.420397 0.123658
0.650505 0.420373 0.122922
0.650387 0.422968 0.122229
0.652471 0.422989 0.121521
0.652391 0.425533 0.120833
0.654427 0.425582 0.120146
0.654363 0.428092 0.119466
0.656373 0.428151 0.118795
0.656304 0.430643 0.118128
0.658308 0.430699 0.117467
0.658216 0.433188 0.116817
0.660232 0.433224 0.116162
0.660111 0.435481 0.115532
0.662229 0.435665 0.11492
0.661924 0.437668 0.114318
0.664085 0.438041 0.11372
0.66368 0.440103 0.113125
0.665677 0.440359 0.112538
0.665409 0.442532 0.111956
0.667239 0.442676 0.111371
0.667191 0.445036 0.110763
0.669115 0.445101 0.110168
0.668956 0.4473 0.109594
0.670793 0.447422 0.109023
0.670684 0.44979 0.108449
0.672469 0.449805 0.107857
0.672504 0.45227 0.107254
0.674305 0.452265 0.106664
0.674296 0.454742 0.106084
0.676131 0.454705 0.10549
0.676064 0.456987 0.104935
0.677783 0.457029 0.104381
0.677805 0.459444 0.10381
0.679589 0.45943 0.103244
0.679521 0.461678 0.102707
0.681225 0.461717 0.10217
0.68121 0.464121 0.101628
0.683012 0.46408 0.101069
0.682892 0.466121 0.100562
0.684626 0.466254 0.100065
0.684459 0.468185 0.0995751
0.686118 0.468366 0.0990942
0.685997 0.470378 0.0986024
0.687717 0.470507 0.0981196
0.687526 0.472429 0.0976469
0.689195 0.472588 0.0971767
0.689036 0.474474 0.0967075
0.690668 0.474653 0.0962476
0.690517 0.476647 0.0957824
0.692087 0.476738 0.0953149
0.692059 0.478832 0.0948287
0.69366 0.478894 0.0943594
0.69358 0.48101 0.0938933
0.695227 0.481034 0.0934186
0.695093 0.482975 0.0929716
0.696627 0.483073 0.0925263
0.696576 0.485139 0.0920665
0.698179 0.485183 0.0916117
0.69805 0.487094 0.0911769
0.699567 0.487193 0.0907446
0.699496 0.489245 0.0903027
0.701105 0.489272 0.0898562
0.700946 0.491059 0.0894402
0.702527 0.49122 0.0890303
0.702325 0.492835 0.0886285
0.703978 0.493131 0.0882315
0.703679 0.494613 0.0878366
0.705398 0.495046 0.0874358
0.705012 0.49658 0.0870391
0.706609 0.496901 0.0866519
0.706337 0.498348 0.0862699
0.708018 0.498791 0.0858779
0.707644 0.5003 0.085493
0.709223 0.50062 0.0851164
0.708943 0.502056 0.084744
0.710623 0.502483 0.0843651
0.71026 0.503854 0.0839871
0.711963 0.504372 0.0836001
0.711575 0.505752 0.0832233
0.713299 0.506246 0.0828473
0.712877 0.507644 0.0824698
0.714516 0.508076 0.082105
0.714156 0.509423 0.0817423
0.715845 0.509924 0.081374
0.715433 0.5113 0.081008
0.717056 0.511728 0.0806535
0.716688 0.513066 0.080299
0.718265 0.513518 0.0799444
0.71793 0.514826 0.0795993
0.719582 0.515328 0.0792443
0.719171 0.516682 0.0788926
0.720784 0.517094 0.0785548
0.72039 0.518429 0.0782101
0.721983 0.518847 0.0778753
0.721598 0.52017 0.0775363
0.723179 0.520589 0.0772054
0.722794 0.521904 0.0768708
0.724372 0.522318 0.0765451
0.72398 0.523632 0.0762136
0.725563 0.524036 0.0758941
0.725154 0.525354 0.0755646
0.726566 0.525698 0.0752503
0.726286 0.527027 0.0749408
0.727719 0.52735 0.074632
0.727408 0.528694 0.074325
0.728869 0.528991 0.0740222
0.72855 0.530229 0.0737159
0.730045 0.530666 0.0734046
0.729684 0.531927 0.0730969
0.731043 0.532283 0.0727963
0.730777 0.533576 0.0725022
0.732181 0.533895 0.0722086
0.731888 0.535098 0.0719159
0.733348 0.535539 0.0716142
0.732992 0.536777 0.0713181
0.734338 0.537125 0.0710288
0.734056 0.53841 0.0707447
0.735467 0.538707 0.0704637
0.73514 0.539915 0.0701776
0.736454 0.540273 0.0698939
0.736185 0.541536 0.069617
0.737576 0.541837 0.0693423
0.73725 0.543032 0.0690629
0.738558 0.543384 0.0687863
0.738278 0.544642 0.0685155
0.739491 0.544891 0.0682475
0.739291 0.54625 0.0679783
0.740476 0.546415 0.0677098
0.740316 0.547899 0.0674385
0.74139 0.547977 0.0671622
0.741497 0.549944 0.0668253
0.74261 0.549893 0.0664981
0.743007 0.552572 0.066072
0.744345 0.552366 0.0656428
0.7444 0.554181 0.0653314
0.745603 0.554159 0.0650294
0.745529 0.555644 0.0647585
0.746577 0.555721 0.0644974
0.746643 0.557508 0.0641899
0.747824 0.557493 0.063898
0.747747 0.558964 0.0636343
0.74879 0.559038 0.0633783
0.748836 0.560817 0.0630837
0.750027 0.560789 0.0627934
0.749919 0.562263 0.0625417
0.750983 0.562316 0.0622849
0.75098 0.564014 0.0620112
0.752149 0.563994 0.0617308
0.752047 0.565355 0.0614854
0.753225 0.565476 0.0612484
0.753012 0.566607 0.0610207
0.754122 0.566861 0.0607942
0.753903 0.568138 0.060569
0.755061 0.568265 0.060338
0.754852 0.569383 0.0601152
0.755952 0.569636 0.0598935
0.755757 0.57074 0.0596731
0.756841 0.570999 0.0594537
0.756628 0.572256 0.0592354
0.757771 0.572381 0.0590118
0.757554 0.57349 0.0587959
0.758654 0.57373 0.0585812
0.758439 0.574833 0.0583676
0.759535 0.575072 0.058155
0.759317 0.576173 0.0579437
0.760414 0.576408 0.0577333
0.760188 0.577508 0.0575242
0.76129 0.577736 0.0573161
0.761052 0.578839 0.0571092
0.762163 0.579057 0.0569033
0.76191 0.580166 0.0566986
0.76293 0.580353 0.0564945
0.762765 0.581541 0.0562879
0.76384 0.581688 0.0560825
0.763639 0.582753 0.0558817
0.764706 0.58299 0.055682
0.764478 0.584068 0.0554835
0.76557 0.584285 0.055286
0.765334 0.585278 0.0550892
0.766477 0.585596 0.0548906
0.766168 0.586633 0.0546919
0.767228 0.586863 0.0544983
0.766988 0.587936 0.0543059
0.767984 0.588119 0.0541138
0.767803 0.589286 0.053921
0.7687 0.589394 0.0537265
0.768698 0.590933 0.0535007
0.769649 0.590919 0.0532692
0.769754 0.592685 0.0530161
0.770779 0.592619 0.0527617
0.770787 0.594134 0.0525385
0.771721 0.594126 0.0523151
0.771819 0.595874 0.0520693
0.77284 0.595806 0.0518193
0.772831 0.597316 0.051606
0.773773 0.597296 0.0513827
0.773834 0.598966 0.051153
0.774833 0.598907 0.050913
0.774824 0.600399 0.0507047
0.775757 0.60038 0.0504862
0.775801 0.601911 0.0502653
0.776728 0.601893 0.05005
0.776768 0.603418 0.0498326
0.777695 0.603398 0.0496186
0.777726 0.604921 0.0494063
0.778657 0.604895 0.049192
0.778672 0.60634 0.0489862
0.779566 0.606336 0.0487837
0.77961 0.607833 0.0485721
0.78052 0.607816 0.0483661
0.780536 0.609244 0.0481642
0.781422 0.609241 0.0479665
0.781455 0.610728 0.047762
0.782368 0.610706 0.0475579
0.782364 0.612131 0.0473656
0.783261 0.612116 0.0471668
0.783263 0.613529 0.0469749
0.784151 0.613518 0.0467797
0.784154 0.614924 0.0465896
0.785037 0.614913 0.0463967
0.785036 0.616314 0.0462097
0.78592 0.616301 0.0460177
0.78591 0.617577 0.0458351
0.78672 0.617608 0.0456627
0.786784 0.619153 0.0454626
0.787718 0.619103 0.0452587
0.787653 0.620278 0.0450927
0.788538 0.620333 0.0449292
0.788408 0.621347 0.0447771
0.789203 0.621457 0.0446271
0.789138 0.622621 0.0444642
0.790018 0.622675 0.0443037
0.789881 0.623685 0.044155
0.790678 0.623789 0.0440069
0.7906 0.624952 0.0438494
0.791379 0.624991 0.0436892
0.791426 0.626383 0.0435032
0.792281 0.626372 0.043326
0.792242 0.627618 0.0431635
0.793058 0.62763 0.0429969
0.793048 0.62897 0.0428291
0.793907 0.628952 0.0426528
0.793856 0.630077 0.0424971
0.794704 0.630136 0.0423475
0.794564 0.631122 0.0422083
0.795351 0.631218 0.0420675
0.795253 0.63229 0.0419232
0.79609 0.632353 0.0417771
0.795951 0.63333 0.0416403
0.796733 0.633425 0.041502
0.79663 0.634492 0.0413611
0.797467 0.63455 0.0412167
0.797319 0.635525 0.0410835
0.798106 0.635613 0.0409462
0.798 0.636558 0.04081
0.798744 0.636671 0.0406786
0.798667 0.637709 0.0405377
0.799471 0.637782 0.0404002
0.79934 0.638735 0.0402689
0.800105 0.638831 0.0401368
0.799995 0.639881 0.0400034
0.800726 0.639925 0.0398632
0.800737 0.641191 0.0397056
0.801544 0.641187 0.0395502
0.801479 0.642269 0.0394116
0.802212 0.642309 0.0392727
0.802209 0.643572 0.0391216
0.803024 0.643558 0.0389657
0.802945 0.644571 0.0388329
0.803736 0.644639 0.0387024
0.803589 0.645579 0.0385803
0.804358 0.64566 0.0384532
0.804229 0.646585 0.0383303
0.804978 0.646676 0.0382061
0.804864 0.647588 0.0380829
0.805596 0.647688 0.0379612
0.805494 0.648589 0.0378378
0.806213 0.648695 0.0377183
0.806109 0.649704 0.037595
0.806818 0.649747 0.0374653
0.806802 0.650873 0.0373259
0.807541 0.650895 0.037191
0.807493 0.651928 0.0370603
0.80819 0.651975 0.0369342
0.808176 0.653089 0.0367968
0.808908 0.653113 0.0366648
0.808857 0.654138 0.0365369
0.809552 0.654183 0.0364124
0.809529 0.655294 0.0362794
0.810265 0.655311 0.0361478
0.8102 0.656337 0.0360248
0.810905 0.656372 0.0358998
0.810865 0.657377 0.0357736
0.811543 0.657427 0.035654
0.811523 0.658522 0.035524
0.812249 0.658541 0.0353962
0.812183 0.659489 0.0352775
0.812838 0.65955 0.0351631
0.812832 0.660731 0.035032
0.813606 0.660717 0.0348959
0.813501 0.661577 0.034786
0.8142 0.661672 0.0346778
0.814077 0.662541 0.0345706
0.814793 0.662623 0.0344615
0.814667 0.663387 0.034357
0.815419 0.663549 0.0342549
0.815216 0.664294 0.0341532
0.815976 0.664449 0.0340519
0.815797 0.665074 0.0339511
0.816667 0.665428 0.0338412
0.816408 0.666037 0.0337295
0.817286 0.666445 0.0336127
0.817028 0.667052 0.0335021
0.817904 0.667458 0.0333865
0.817644 0.668064 0.0332765
0.81852 0.668466 0.0331626
0.818257 0.669072 0.0330528
0.819135 0.66947 0.032941
0.818866 0.670077 0.032831
0.81975 0.670468 0.0327216
0.819472 0.671079 0.0326111
0.820304 0.671437 0.0325043
0.820063 0.672023 0.0324004
0.821007 0.67247 0.0322888
0.820683 0.673105 0.0321719
0.821456 0.673393 0.032073
0.821223 0.674032 0.0319753
0.82193 0.674259 0.0318806
0.821759 0.674858 0.0317882
0.822604 0.675196 0.0316888
0.822338 0.675791 0.031584
0.823153 0.676143 0.0314816
0.822913 0.676721 0.0313815
0.823759 0.677112 0.0312761
0.823496 0.677701 0.0311734
0.824307 0.67805 0.0310729
0.824065 0.678625 0.0309741
0.82491 0.67901 0.0308715
0.824642 0.679599 0.0307694
0.825455 0.679941 0.0306719
0.825205 0.680517 0.0305733
0.826 0.680867 0.0304745
0.825764 0.681432 0.0303788
0.826599 0.681814 0.0302787
0.826332 0.682397 0.0301789
0.827142 0.682733 0.0300847
0.826885 0.683307 0.0299874
0.827683 0.683647 0.0298927
0.827436 0.684214 0.0297974
0.828224 0.684557 0.0297025
0.827984 0.685118 0.0296089
0.828763 0.685463 0.029514
0.828529 0.686019 0.0294218
0.829302 0.686365 0.0293273
0.829071 0.686918 0.0292362
0.829894 0.687289 0.0291422
0.82962 0.687865 0.0290456
0.830337 0.688146 0.028958
0.830115 0.688747 0.0288726
0.830796 0.688955 0.0287905
0.830607 0.689535 0.0287079
0.831256 0.68976 0.0286249
0.831096 0.690321 0.0285446
0.831809 0.690598 0.0284593
0.831583 0.691196 0.0283755
0.832265 0.691398 0.0282955
0.832068 0.691977 0.0282142
0.832721 0.692194 0.0281335
0.832549 0.692757 0.0280543
0.833271 0.693022 0.0279725
0.833058 0.693551 0.0278885
0.833854 0.693917 0.0277993
0.833587 0.694477 0.0277086
0.834291 0.694748 0.0276269
0.83409 0.695267 0.0275455
0.834871 0.695636 0.0274563
0.834613 0.696187 0.0273682
0.835308 0.696459 0.0272872
0.835111 0.696973 0.0272076
0.835884 0.697341 0.0271194
0.835629 0.697887 0.0270329
0.836319 0.698157 0.0269533
0.836122 0.698668 0.0268746
0.836894 0.699031 0.0267885
0.836635 0.699577 0.0267026
0.837327 0.699842 0.026625
0.837123 0.700354 0.0265467
0.837848 0.700685 0.0264635
0.837621 0.701208 0.0263829
0.838369 0.701523 0.0263039
0.838116 0.702061 0.0262206
0.838801 0.702324 0.0261447
0.838597 0.702831 0.026068
0.839318 0.703156 0.0259873
0.839088 0.703678 0.0259079
0.83975 0.70395 0.0258315
0.839564 0.704444 0.0257578
0.840315 0.7048 0.025676
0.840059 0.705334 0.0255944
0.840743 0.705588 0.0255218
0.840531 0.706094 0.0254462
0.841258 0.706407 0.0253701
0.841012 0.706932 0.0252908
0.841685 0.707188 0.0252187
0.841479 0.707688 0.0251448
0.842197 0.708001 0.0250694
0.841955 0.708521 0.0249917
0.842623 0.708776 0.0249206
0.842418 0.709273 0.0248477
0.843133 0.709583 0.0247738
0.842889 0.710101 0.0246968
0.843558 0.710352 0.0246273
0.843348 0.710849 0.0245549
0.843983 0.711117 0.0244829
0.843803 0.711595 0.0244142
0.844489 0.711916 0.0243389
0.844269 0.712416 0.0242662
0.844912 0.712675 0.0241965
0.84472 0.713157 0.0241274
0.845416 0.713467 0.0240553
0.845181 0.713974 0.0239818
0.845837 0.714221 0.0239148
0.845628 0.714711 0.0238448
0.846259 0.714972 0.023776
0.846073 0.715446 0.023709
0.84676 0.715755 0.023638
0.846527 0.716256 0.0235663
0.847178 0.716501 0.023501
0.846969 0.716987 0.0234323
0.847597 0.717243 0.0233654
0.847407 0.717716 0.0232992
0.848096 0.718017 0.023231
0.847855 0.718519 0.0231597
0.848426 0.718723 0.0230964
0.848263 0.719228 0.0230345
0.84885 0.719423 0.0229726
0.848669 0.719937 0.0229103
0.849217 0.720102 0.0228494
0.849077 0.720591 0.0227893
0.849638 0.720797 0.022727
0.84948 0.721295 0.0226665
0.850059 0.721489 0.0226057
0.849881 0.721998 0.0225447
0.850424 0.722162 0.0224851
0.850284 0.722647 0.0224262
0.850843 0.72285 0.0223653
0.850682 0.723346 0.0223058
0.851261 0.723535 0.0222466
0.851077 0.724043 0.0221865
0.851624 0.724201 0.0221283
0.851475 0.724687 0.0220701
0.85204 0.724882 0.022011
0.851867 0.725381 0.0219522
0.852402 0.725543 0.0218945
0.852262 0.726022 0.0218374
0.852816 0.72622 0.0217787
0.85265 0.726712 0.021721
0.853177 0.726877 0.021664
0.853041 0.72735 0.0216077
0.853589 0.727549 0.0215496
0.853427 0.728036 0.0214927
0.853948 0.728201 0.0214365
0.853814 0.728671 0.021381
0.854359 0.728869 0.0213237
0.854197 0.729354 0.0212675
0.854717 0.729517 0.021212
0.854581 0.729986 0.0211571
0.855126 0.730181 0.0211008
0.85496 0.730665 0.0210451
0.855482 0.730825 0.0209905
0.855341 0.731294 0.0209361
0.85589 0.731484 0.0208809
0.855716 0.73197 0.0208257
0.856244 0.732124 0.0207719
0.856095 0.732595 0.020718
0.856599 0.732761 0.020664
0.856471 0.733219 0.0206111
0.857003 0.733414 0.0205564
0.856841 0.73389 0.0205026
0.857356 0.734048 0.0204497
0.857215 0.734511 0.020397
0.85776 0.734696 0.0203438
0.857604 0.73512 0.02029
0.858231 0.735406 0.0202319
0.858004 0.73587 0.0201719
0.858549 0.736052 0.0201196
0.85839 0.736475 0.0200662
0.858947 0.736724 0.0200095
0.858778 0.737152 0.0199557
0.859344 0.737394 0.0199004
0.859165 0.737826 0.019846
0.85974 0.738061 0.0197921
0.859549 0.738499 0.019737
0.86006 0.738696 0.0196846
0.859908 0.739156 0.0196339
0.860407 0.739313 0.0195837
0.860268 0.739764 0.0195338
0.860754 0.739927 0.0194836
0.860627 0.740371 0.0194343
0.861149 0.740557 0.0193838
0.861001 0.740966 0.0193335
0.861611 0.741246 0.0192787
0.861386 0.741699 0.019222
0.861874 0.741856 0.019173
0.861741 0.742301 0.0191244
0.862267 0.74248 0.0190754
0.86211 0.742891 0.0190253
0.862657 0.74313 0.0189729
0.862483 0.74355 0.0189216
0.863047 0.743777 0.0188713
0.862853 0.744208 0.0188187
0.863361 0.744394 0.0187699
0.863197 0.74485 0.0187217
0.863702 0.744993 0.0186749
0.863544 0.745444 0.0186271
0.864042 0.745589 0.0185804
0.86389 0.746037 0.0185332
0.864382 0.746184 0.0184867
0.864234 0.746629 0.0184398
0.864721 0.746778 0.0183935
0.864577 0.747219 0.018347
0.865059 0.747369 0.0183009
0.864918 0.747807 0.0182548
0.865397 0.747958 0.0182089
0.865258 0.748395 0.0181631
0.865734 0.748546 0.0181175
0.865596 0.74898 0.018072
0.86607 0.749132 0.0180266
0.865934 0.749565 0.0179814
0.866406 0.749716 0.0179363
0.866269 0.750148 0.0178914
0.866741 0.750298 0.0178466
0.866604 0.750729 0.017802
0.867076 0.750879 0.0177575
0.866937 0.75131 0.0177131
0.867409 0.751458 0.0176689
0.867269 0.751888 0.0176247
0.867743 0.752035 0.0175809
0.867599 0.752466 0.0175369
0.868075 0.75261 0.0174934
0.867928 0.753042 0.0174496
0.868407 0.753183 0.0174065
0.868256 0.753617 0.0173628
0.868738 0.753755 0.0173202
0.868602 0.754137 0.0172766
0.869114 0.754367 0.0172295
0.868948 0.754765 0.017184
0.869419 0.754949 0.0171398
0.869268 0.75538 0.0170969
0.869749 0.755515 0.0170552
0.86961 0.755896 0.0170122
0.870122 0.756122 0.0169664
0.869952 0.75652 0.0169213
0.870426 0.756699 0.0168783
0.870287 0.757077 0.0168358
0.870798 0.757301 0.0167907
0.870626 0.757698 0.0167461
0.871101 0.757874 0.0167038
0.870959 0.758252 0.0166616
0.871471 0.758473 0.0166175
0.871295 0.75887 0.0165731
0.871772 0.759042 0.0165316
0.871626 0.759422 0.0164895
0.872142 0.759637 0.0164466
0.871959 0.760036 0.0164022
0.872397 0.760187 0.0163616
0.872271 0.760594 0.0163216
0.87272 0.760738 0.0162816
0.872582 0.761151 0.0162415
0.873043 0.761287 0.0162021
0.87291 0.761655 0.0161619
0.873409 0.761875 0.016119
0.873238 0.762263 0.0160765
0.873707 0.762434 0.0160364
0.873561 0.762807 0.0159959
0.874072 0.763017 0.0159548
0.873886 0.763413 0.0159116
0.874324 0.763558 0.0158727
0.874191 0.763963 0.015834
0.874643 0.764098 0.0157957
0.874513 0.764461 0.0157568
0.875005 0.764677 0.0157152
0.874835 0.765062 0.0156738
0.875258 0.765212 0.0156353
0.875136 0.765607 0.0155975
0.875575 0.765748 0.0155597
0.875436 0.766152 0.0155217
0.875816 0.76626 0.0154846
0.875726 0.76674 0.0154464
0.876115 0.766803 0.0154075
0.876043 0.767271 0.0153685
0.876414 0.767344 0.0153309
0.87635 0.76787 0.0152907
0.876762 0.767918 0.0152506
0.876674 0.768353 0.0152134
0.877074 0.768447 0.0151767
0.876967 0.768892 0.0151403
0.877335 0.768964 0.0151034
0.87727 0.769486 0.015064
0.877681 0.769533 0.0150245
0.877591 0.769966 0.014988
0.877991 0.770057 0.014952
0.877879 0.770502 0.0149164
0.878249 0.77057 0.0148798
0.878178 0.771092 0.0148417
0.878594 0.771134 0.0148024
0.878496 0.771568 0.0147668
0.878902 0.771654 0.0147312
0.878801 0.772026 0.0146963
0.87921 0.772171 0.0146607
0.879087 0.772555 0.0146256
0.879519 0.772686 0.0145909
0.87939 0.773035 0.0145553
0.879871 0.773238 0.0145184
0.879693 0.773613 0.0144799
0.880115 0.773748 0.0144454
0.879993 0.774091 0.0144105
0.880464 0.774297 0.0143736
0.880293 0.774666 0.014336
0.880708 0.774803 0.0143017
0.880574 0.775189 0.0142675
0.880942 0.775291 0.0142338
0.880853 0.775712 0.0141997
0.881245 0.775798 0.0141658
0.881148 0.776161 0.0141326
0.881548 0.776304 0.0140986
0.881426 0.77668 0.0140651
0.881852 0.776808 0.0140321
0.881721 0.777151 0.0139979
0.882137 0.77732 0.0139631
0.882012 0.777659 0.0139294
0.882421 0.777831 0.0138946
0.882301 0.778166 0.0138613
0.882765 0.778367 0.0138262
0.882593 0.778731 0.0137901
0.883005 0.778862 0.0137576
0.882882 0.779198 0.0137246
0.883348 0.779395 0.0136903
0.883172 0.77976 0.0136543
0.883587 0.779887 0.0136224
0.883459 0.780224 0.0135894
0.883868 0.780391 0.0135558
0.883744 0.780725 0.0135232
0.884149 0.780893 0.0134898
0.884027 0.781225 0.0134575
0.884429 0.781394 0.0134241
0.88431 0.781723 0.0133921
0.884768 0.781918 0.0133587
0.884594 0.782278 0.0133238
0.885005 0.782403 0.0132928
0.884876 0.782737 0.0132607
0.885284 0.7829 0.0132283
0.885156 0.783232 0.0131964
0.885562 0.783395 0.0131642
0.885435 0.783726 0.0131325
0.885839 0.783888 0.0131004
0.885712 0.784219 0.0130689
0.886116 0.78438 0.0130371
0.885989 0.78471 0.0130057
0.886393 0.784871 0.0129741
0.886264 0.7852 0.0129428
0.886669 0.78536 0.0129115
0.886539 0.78569 0.0128803
0.886944 0.785847 0.0128493
0.886812 0.786178 0.0128181
0.887219 0.786334 0.0127874
0.887085 0.786665 0.0127563
0.887494 0.786819 0.012726
0.887356 0.78715 0.0126949
0.88773 0.787288 0.0126648
0.887613 0.787643 0.0126354
0.887953 0.787741 0.0126063
0.887866 0.788136 0.0125769
0.888195 0.788204 0.0125474
0.888135 0.788618 0.0125166
0.888466 0.788684 0.0124871
0.888402 0.7891 0.0124567
0.888737 0.789163 0.0124271
0.888668 0.78958 0.0123971
0.889008 0.789641 0.0123675
0.888933 0.79006 0.0123379
0.889277 0.790117 0.0123082
0.889197 0.790538 0.0122791
0.889547 0.790591 0.0122492
0.889467 0.790976 0.0122205
0.88983 0.791057 0.0121923
0.889731 0.791395 0.0121643
0.890115 0.791519 0.0121364
0.889995 0.791834 0.0121077
0.890384 0.791989 0.0120787
0.890256 0.792308 0.0120498
0.890652 0.792458 0.0120215
0.890517 0.79278 0.0119923
0.890883 0.792912 0.0119644
0.890777 0.793217 0.0119368
0.89115 0.793378 0.0119077
0.891036 0.793687 0.0118798
0.891417 0.793843 0.0118513
0.891294 0.794156 0.0118232
0.891683 0.794306 0.0117954
0.891551 0.794624 0.0117669
0.891912 0.794755 0.0117396
0.891807 0.795057 0.0117126
0.892177 0.795216 0.0116842
0.892063 0.795523 0.0116569
0.892442 0.795675 0.0116291
0.892317 0.795987 0.0116015
0.89267 0.79612 0.0115745
0.892557 0.796459 0.011548
0.892886 0.79655 0.0115218
0.892792 0.796931 0.0114957
0.893117 0.79699 0.0114686
0.893042 0.797394 0.0114418
0.893378 0.797446 0.0114143
0.893298 0.797818 0.011388
0.893609 0.797883 0.0113618
0.893546 0.798278 0.0113346
0.893868 0.798337 0.011308
0.893793 0.798738 0.0112816
0.894127 0.798789 0.0112546
0.894046 0.799159 0.0112288
0.894357 0.799223 0.0112029
0.894291 0.799616 0.0111763
0.894615 0.799673 0.01115
0.894542 0.800036 0.0111242
0.894844 0.800104 0.0110989
0.894786 0.800491 0.0110722
0.8951 0.800552 0.0110465
0.895028 0.800946 0.0110207
0.895356 0.800998 0.0109945
0.895277 0.801363 0.0109694
0.895583 0.801426 0.0109442
0.895518 0.801815 0.0109184
0.895839 0.80187 0.0108927
0.895765 0.80223 0.0108677
0.896065 0.802296 0.010843
0.896004 0.80268 0.0108172
0.896319 0.802738 0.010792
0.896249 0.803094 0.0107671
0.896544 0.803161 0.0107428
0.896486 0.803542 0.0107172
0.896797 0.803601 0.0106924
0.896729 0.803954 0.0106677
0.897062 0.804031 0.0106437
0.896967 0.804347 0.0106199
0.897272 0.80444 0.0105962
0.897189 0.8048 0.0105723
0.897495 0.804859 0.010548
0.897423 0.805244 0.0105236
0.897746 0.805294 0.0104987
0.897663 0.805652 0.010475
0.897968 0.805711 0.0104509
0.897902 0.806059 0.0104269
0.898231 0.806136 0.0104035
0.898136 0.806448 0.0103803
0.898438 0.806539 0.0103573
0.898353 0.806896 0.0103341
0.898659 0.806953 0.0103103
0.89859 0.807301 0.0102867
0.898879 0.807366 0.0102636
0.898819 0.807739 0.0102395
0.899127 0.807794 0.0102157
0.899054 0.808142 0.0101926
0.899347 0.808205 0.0101695
0.899281 0.808579 0.0101459
0.899593 0.80863 0.0101222
0.899514 0.80898 0.0100995
0.899812 0.809039 0.0100764
0.899747 0.80938 0.0100534
0.900031 0.809446 0.010031
0.899972 0.809814 0.0100074
0.900276 0.809868 0.00998436
0.900203 0.810213 0.00996183
0.900493 0.810274 0.00993934
0.900426 0.810645 0.00991648
0.900737 0.810694 0.00989327
0.900655 0.811041 0.00987127
0.900954 0.811097 0.00984868
0.900884 0.811437 0.00982642
0.90117 0.811499 0.00980437
0.901105 0.811867 0.00978179
0.901413 0.811916 0.009759
0.901332 0.812261 0.00973734
0.901628 0.812316 0.0097151
0.901558 0.812654 0.00969321
0.901843 0.812715 0.00967148
0.901776 0.813081 0.00964933
0.902084 0.813129 0.00962682
0.902001 0.813472 0.00960558
0.902297 0.813526 0.0095836
0.902225 0.813863 0.00956215
0.902511 0.813922 0.00954064
0.902447 0.814253 0.00951902
0.902724 0.814316 0.00949792
0.902663 0.814676 0.00947599
0.902963 0.814726 0.00945414
0.902885 0.815064 0.00943323
0.903175 0.815119 0.00941182
0.903105 0.815451 0.00939075
0.903387 0.815511 0.00936974
0.903325 0.815838 0.00934854
0.903599 0.815902 0.0093279
0.903538 0.816257 0.00930642
0.903835 0.816307 0.00928501
0.903757 0.816642 0.00926458
0.904046 0.816696 0.00924355
0.903974 0.817026 0.00922299
0.904256 0.817084 0.00920232
0.904191 0.81741 0.00918166
0.904466 0.817471 0.00916132
0.904401 0.817826 0.00914053
0.904701 0.817872 0.00911936
0.90463 0.818152 0.00909954
0.90495 0.818264 0.00907951
0.904844 0.818533 0.00905903
0.905158 0.818648 0.00903893
0.905057 0.818914 0.00901875
0.905365 0.819032 0.00899858
0.905269 0.819294 0.00897867
0.905572 0.819414 0.00895846
0.905481 0.819673 0.0089388
0.905808 0.819808 0.00891847
0.905691 0.820081 0.00889798
0.906014 0.820188 0.0088787
0.905902 0.820458 0.00885849
0.90622 0.820568 0.00883917
0.906111 0.820835 0.0088192
0.906425 0.820946 0.00879985
0.90632 0.821211 0.00878012
0.906629 0.821324 0.00876075
0.906529 0.821586 0.00874123
0.906834 0.8217 0.00872187
0.906736 0.82196 0.00870255
0.907038 0.822076 0.0086832
0.906943 0.822333 0.00866406
0.907242 0.82245 0.00864473
0.90715 0.822706 0.00862577
0.907445 0.822824 0.00860647
0.907355 0.823078 0.00858768
0.907678 0.823208 0.00856838
0.90756 0.823478 0.00854871
0.907828 0.823563 0.00853029
0.907748 0.823885 0.0085119
0.90803 0.823934 0.00849266
0.907952 0.824254 0.00847431
0.908232 0.824304 0.00845521
0.908156 0.824623 0.00843692
0.908434 0.824672 0.00841796
0.908359 0.82499 0.00839972
0.908635 0.82504 0.00838089
0.908561 0.825357 0.00836272
0.908836 0.825407 0.008344
0.908762 0.825723 0.00832592
0.909037 0.825773 0.00830731
0.908963 0.826088 0.00828931
0.909237 0.826139 0.00827079
0.909163 0.826453 0.00825289
0.909436 0.826503 0.00823446
0.909363 0.826816 0.00821666
0.909636 0.826866 0.00819831
0.909562 0.827179 0.00818062
0.909835 0.827229 0.00816234
0.90976 0.827541 0.00814477
0.910033 0.82759 0.00812655
0.909957 0.827903 0.00810911
0.910231 0.827951 0.00809094
0.910154 0.828263 0.00807363
0.910429 0.828311 0.00805551
0.910364 0.828572 0.00803831
0.910665 0.828676 0.00802106
0.910559 0.828931 0.00800315
0.910862 0.829034 0.00798605
0.910755 0.829289 0.00796816
0.911009 0.829374 0.00795117
0.910934 0.829682 0.00793416
0.911205 0.82973 0.00791643
0.91114 0.829988 0.00789958
0.911439 0.830092 0.00788266
0.911334 0.830344 0.0078651
0.911585 0.830429 0.00784837
0.911512 0.830735 0.00783157
0.91178 0.830783 0.00781414
0.911716 0.831039 0.00779753
0.912013 0.831142 0.00778087
0.911908 0.831393 0.00776356
0.912158 0.831477 0.00774707
0.912084 0.831781 0.00773056
0.912352 0.831828 0.00771335
0.912287 0.832083 0.00769698
0.912583 0.832184 0.00768063
0.912477 0.832435 0.00766351
0.912727 0.832517 0.00764726
0.912664 0.83277 0.00763106
0.912958 0.832871 0.00761485
0.912852 0.833121 0.00759791
0.913102 0.833202 0.00758182
0.913038 0.833455 0.00756577
0.913331 0.833555 0.00754973
0.913226 0.833804 0.00753294
0.913474 0.833885 0.00751701
0.91341 0.834137 0.00750111
0.913655 0.834219 0.00748526
0.913582 0.834518 0.0074694
0.913846 0.834564 0.00745283
0.91378 0.834815 0.00743708
0.914025 0.834897 0.00742138
0.913963 0.835146 0.00740572
0.914252 0.835246 0.00739007
0.914148 0.835491 0.00737368
0.914394 0.835571 0.00735813
0.914329 0.835821 0.00734261
0.914573 0.835902 0.00732713
0.91451 0.83615 0.0073117
0.914751 0.836232 0.00729629
0.914679 0.836527 0.0072809
0.91494 0.836571 0.00726479
0.914874 0.83682 0.0072495
0.915117 0.8369 0.00723424
0.915053 0.837147 0.00721902
0.915295 0.837227 0.00720384
0.915232 0.837473 0.00718869
0.915472 0.837554 0.00717358
0.915411 0.837798 0.00715851
0.915695 0.837896 0.00714346
0.915592 0.838138 0.00712768
0.915835 0.838216 0.00711272
0.915769 0.838462 0.00709779
0.916011 0.83854 0.00708289
0.915946 0.838785 0.00706803
0.916187 0.838864 0.00705321
0.916122 0.839108 0.00703842
0.916362 0.839187 0.00702367
0.916298 0.83943 0.00700895
0.916537 0.839509 0.00699427
0.916474 0.839752 0.00697962
0.916711 0.83983 0.006965
0.916649 0.840073 0.00695043
0.916886 0.840151 0.00693588
0.916823 0.840393 0.00692137
0.917059 0.840471 0.00690689
0.916997 0.840712 0.00689245
0.917233 0.84079 0.00687805
0.91717 0.841031 0.00686367
0.917406 0.841109 0.00684933
0.917343 0.841349 0.00683503
0.917579 0.841427 0.00682075
0.917515 0.841667 0.00680652
0.917752 0.841744 0.00679231
0.917687 0.841984 0.00677814
0.917924 0.84206 0.00676401
0.917859 0.8423 0.0067499
0.918096 0.842375 0.00673583
0.91803 0.842616 0.0067218
0.918268 0.84269 0.00670779
0.9182 0.84293 0.00669382
0.918439 0.843004 0.00667989
0.91837 0.843245 0.00666598
0.91861 0.843317 0.00665211
0.918539 0.843558 0.00663828
0.918781 0.84363 0.00662447
0.918708 0.843872 0.0066107
0.918951 0.843942 0.00659697
0.918877 0.844184 0.00658326
0.919121 0.844253 0.00656959
0.919044 0.844496 0.00655596
0.919291 0.844563 0.00654235
0.919212 0.844807 0.00652878
0.919461 0.844873 0.00651524
0.919389 0.845088 0.00650171
0.919641 0.845191 0.00648769
0.919558 0.845411 0.00647398
0.919821 0.845508 0.00646037
0.919727 0.845734 0.00644643
0.919956 0.845809 0.00643307
0.919893 0.846042 0.00641975
0.920124 0.846116 0.00640645
0.920058 0.84635 0.00639319
0.920292 0.846422 0.00637996
0.920222 0.846658 0.00636677
0.92046 0.846727 0.00635361
0.920386 0.846965 0.00634048
0.920627 0.847032 0.00632738
0.92055 0.847271 0.00631432
0.920764 0.847327 0.00630128
0.920715 0.84759 0.00628773
0.92094 0.847641 0.0062745
0.920878 0.847909 0.00626138
0.921116 0.847953 0.0062479
0.921054 0.848183 0.00623501
0.921282 0.848254 0.00622215
0.921215 0.848486 0.00620932
0.921448 0.848556 0.00619652
0.921377 0.848789 0.00618376
0.921614 0.848856 0.00617103
0.921537 0.849092 0.00615833
0.921749 0.849148 0.00614565
0.921699 0.849407 0.00613251
0.921923 0.849456 0.00611961
0.92186 0.849723 0.00610693
0.922097 0.849764 0.00609376
0.922032 0.849993 0.00608123
0.922262 0.850062 0.00606873
0.922191 0.850293 0.00605627
0.922426 0.850359 0.00604384
0.92235 0.850592 0.00603144
0.92256 0.850647 0.00601904
0.922509 0.850905 0.00600623
0.922732 0.850952 0.0059936
0.922668 0.851217 0.00598128
0.922905 0.851256 0.00596836
0.922838 0.851484 0.00595613
0.923068 0.851551 0.00594392
0.922995 0.851781 0.00593175
0.923201 0.851836 0.00591961
0.923152 0.852091 0.005907
0.923372 0.852139 0.00589463
0.923309 0.8524 0.00588252
0.923544 0.85244 0.00586986
0.923477 0.852665 0.00585785
0.923705 0.852731 0.00584588
0.923632 0.85296 0.00583394
0.923838 0.853014 0.005822
0.923788 0.853267 0.00580966
0.924007 0.853314 0.00579749
0.923953 0.853532 0.00578562
0.924168 0.853604 0.00577379
0.924107 0.853824 0.00576199
0.924328 0.853893 0.00575023
0.92426 0.854116 0.0057385
0.924488 0.854181 0.0057268
0.924422 0.85438 0.00571513
0.924658 0.854477 0.00570304
0.924577 0.854684 0.00569112
0.924787 0.854757 0.00567949
0.92473 0.854974 0.00566791
0.924946 0.855043 0.00565635
0.924881 0.855264 0.00564483
0.925105 0.855328 0.00563335
0.925032 0.855553 0.0056219
0.925235 0.855606 0.00561042
0.925184 0.855855 0.00559866
0.925402 0.855899 0.00558692
0.925346 0.856114 0.00557554
0.92556 0.856183 0.0055642
0.925495 0.856402 0.00555289
0.925718 0.856466 0.00554162
0.925654 0.856662 0.00553038
0.925885 0.856756 0.00551872
0.925806 0.85696 0.00550722
0.926013 0.857032 0.00549602
0.925955 0.857246 0.00548486
0.926169 0.857313 0.00547373
0.926103 0.857531 0.00546263
0.926326 0.857593 0.00545157
0.92626 0.857788 0.00544049
0.926493 0.857881 0.00542913
0.92641 0.858085 0.00541777
0.926619 0.858154 0.00540678
0.926557 0.858368 0.00539583
0.926774 0.858432 0.00538491
0.926703 0.858651 0.00537404
0.926902 0.858702 0.00536311
0.92685 0.858947 0.00535197
0.927066 0.858989 0.00534077
0.927007 0.8592 0.00532995
0.92722 0.859265 0.00531918
0.927153 0.859481 0.00530844
0.927348 0.859534 0.00529771
0.927299 0.859775 0.00528665
0.92751 0.859818 0.00527565
0.927454 0.860027 0.00526498
0.927664 0.860093 0.00525435
0.927598 0.860307 0.00524375
0.927791 0.86036 0.00523319
0.927743 0.860599 0.00522225
0.927952 0.860642 0.00521142
0.927897 0.86085 0.00520089
0.928105 0.860915 0.0051904
0.92804 0.861127 0.00517995
0.928231 0.86118 0.00516953
0.928184 0.861418 0.00515875
0.928392 0.861461 0.00514805
0.928336 0.861667 0.00513767
0.928544 0.861732 0.00512733
0.928478 0.861943 0.00511702
0.928669 0.861995 0.00510672
0.92862 0.862232 0.00509613
0.928829 0.862274 0.00508555
0.928772 0.862479 0.00507531
0.92898 0.862543 0.00506511
0.928913 0.862754 0.00505496
0.929105 0.862804 0.00504476
0.929054 0.863041 0.00503438
0.929264 0.863081 0.00502389
0.929204 0.863287 0.0050138
0.929415 0.863348 0.00500375
0.929352 0.863534 0.0049937
0.929575 0.863623 0.00498339
0.929494 0.863818 0.00497305
0.929696 0.863883 0.00496307
0.929633 0.86409 0.00495313
0.92982 0.864141 0.00494321
0.929772 0.864374 0.00493298
0.929978 0.864415 0.00492278
0.929921 0.864618 0.00491291
0.930127 0.864679 0.00490309
0.930067 0.864862 0.00489329
0.930285 0.864951 0.00488316
0.930207 0.865144 0.00487308
0.930406 0.865208 0.00486333
0.930344 0.865413 0.00485361
0.930529 0.865464 0.00484391
0.930481 0.865694 0.00483392
0.930685 0.865734 0.00482394
0.930628 0.865935 0.00481429
0.930832 0.865996 0.00480469
0.930771 0.866178 0.00479509
0.93099 0.866264 0.00478524
0.93091 0.866456 0.00477535
0.931109 0.866519 0.00476581
0.931045 0.866722 0.00475633
0.93123 0.866771 0.0047468
0.93118 0.867001 0.00473713
0.931385 0.867039 0.0047273
0.931325 0.86724 0.00471788
0.931506 0.86729 0.0047085
0.931459 0.867517 0.00469881
0.93166 0.867557 0.00468914
0.931603 0.867755 0.00467979
0.931806 0.867814 0.00467049
0.931745 0.867994 0.00466117
0.931962 0.868078 0.00465168
0.93188 0.868269 0.00464206
0.932079 0.868329 0.00463283
0.932021 0.868507 0.00462362
0.932234 0.868592 0.00461416
0.932156 0.86878 0.00460466
0.932352 0.868841 0.00459551
0.932287 0.869042 0.0045864
0.932471 0.869089 0.00457723
0.932419 0.869315 0.00456801
0.932623 0.869351 0.00455852
0.932561 0.86955 0.00454949
0.932742 0.869598 0.00454042
0.932692 0.869823 0.00453124
0.932894 0.869859 0.00452187
0.932832 0.870057 0.00451291
0.933012 0.870105 0.00450394
0.932963 0.870328 0.00449482
0.933163 0.870365 0.00448554
0.933103 0.870561 0.00447667
0.933281 0.870609 0.00446778
0.933233 0.870831 0.00445873
0.933432 0.870868 0.00444954
0.933372 0.871063 0.00444075
0.93355 0.871111 0.00443194
0.933501 0.871332 0.00442297
0.933699 0.871369 0.00441386
0.933639 0.871564 0.00440515
0.933817 0.871611 0.00439641
0.933768 0.871832 0.00438754
0.933966 0.871868 0.0043785
0.933905 0.872062 0.00436986
0.934083 0.872109 0.0043612
0.934033 0.872329 0.00435243
0.934232 0.872365 0.00434346
0.93417 0.872559 0.0043349
0.934348 0.872605 0.00432629
0.934297 0.872825 0.00431764
0.934496 0.872859 0.00430872
0.934441 0.873029 0.00430024
0.934646 0.873112 0.0042915
0.93457 0.873293 0.00428274
0.93476 0.873351 0.0042743
0.934703 0.873522 0.00426587
0.934909 0.873603 0.00425726
0.934831 0.873785 0.00424854
0.935023 0.873842 0.00424019
0.934964 0.874013 0.0042318
0.935172 0.874092 0.00422334
0.935091 0.874274 0.00421465
0.935261 0.874323 0.00420638
0.935216 0.874537 0.00419785
0.935407 0.874573 0.00418929
0.935349 0.874762 0.00418106
0.935522 0.874809 0.00417282
0.935473 0.875024 0.00416446
0.935667 0.875058 0.00415592
0.935606 0.875248 0.00414778
0.935781 0.875293 0.00413956
0.935738 0.875473 0.00413138
0.935919 0.875533 0.00412325
0.935861 0.875721 0.00411517
0.936032 0.875767 0.00410706
0.935983 0.87598 0.00409888
0.936133 0.876006 0.00409046
0.936137 0.876353 0.00407844
0.936336 0.876353 0.00406694
0.9363 0.876578 0.00405833
0.936451 0.876602 0.0040499
0.936453 0.876949 0.00403826
0.936653 0.876947 0.00402666
0.936615 0.877172 0.00401824
0.936768 0.877195 0.00400977
0.936766 0.877542 0.00399859
0.936969 0.877538 0.00398681
0.936932 0.877742 0.0039786
0.937111 0.877782 0.00397064
0.93706 0.877962 0.00396286
0.937246 0.878017 0.00395513
0.937187 0.878183 0.00394734
0.937357 0.878245 0.00393958
0.937307 0.878425 0.00393187
0.937491 0.878479 0.00392421
0.937433 0.878644 0.00391648
0.937602 0.878707 0.00390879
0.937552 0.878886 0.00390114
0.937736 0.87894 0.00389355
0.937678 0.879104 0.00388589
0.937847 0.879166 0.00387826
0.937796 0.879345 0.00387068
0.93798 0.879398 0.00386316
0.937921 0.879562 0.00385556
0.93809 0.879624 0.00384799
0.938039 0.879802 0.00384048
0.938201 0.879848 0.00383302
0.938156 0.880052 0.00382535
0.938341 0.880087 0.00381761
0.938289 0.880246 0.0038102
0.938482 0.880323 0.00380257
0.938408 0.880494 0.00379488
0.93859 0.880547 0.00378752
0.938532 0.88071 0.00378008
0.938699 0.88077 0.00377268
0.938648 0.880947 0.00376534
0.938809 0.880992 0.00375802
0.938764 0.881195 0.00375055
0.938948 0.881228 0.00374295
0.938895 0.881386 0.00373568
0.939088 0.881462 0.00372827
0.939013 0.881633 0.00372072
0.939173 0.881678 0.00371349
0.939127 0.881879 0.00370614
0.939269 0.881904 0.00369861
0.939271 0.882234 0.00368801
0.939462 0.882233 0.00367752
0.939424 0.882448 0.00366998
0.939572 0.882469 0.00366218
0.939564 0.882773 0.00365246
0.939747 0.882776 0.0036426
0.939715 0.882987 0.00363493
0.939857 0.883011 0.00362746
0.939855 0.883339 0.00361737
0.940048 0.883335 0.00360684
0.940011 0.88353 0.00359953
0.940184 0.883566 0.00359237
0.940131 0.88374 0.00358542
0.940291 0.883783 0.00357845
0.940251 0.883949 0.00357147
0.940419 0.884005 0.00356455
0.940369 0.884159 0.00355767
0.940556 0.884233 0.00355063
0.940499 0.884361 0.00354348
0.940766 0.884543 0.00353339
0.940659 0.884698 0.00352334
0.940838 0.884776 0.00351618
0.940773 0.884936 0.00350922
0.940943 0.88499 0.00350244
0.94089 0.885144 0.00349566
0.941079 0.885216 0.00348885
0.94102 0.885345 0.00348168
0.941265 0.885507 0.00347217
0.941171 0.885653 0.0034631
0.941357 0.885743 0.00345577
0.9413 0.885871 0.00344878
0.941564 0.886049 0.00343916
0.941457 0.886202 0.00342924
0.941635 0.886278 0.00342234
0.941568 0.886438 0.00341555
0.941738 0.88649 0.00340899
0.941684 0.886643 0.00340237
0.941842 0.8867 0.00339578
0.941792 0.886868 0.00338924
0.941947 0.88691 0.00338269
0.941907 0.887072 0.00337613
0.942072 0.887126 0.00336963
0.942022 0.887276 0.00336315
0.942206 0.887347 0.00335658
0.942148 0.887472 0.00334975
0.942388 0.887632 0.00334061
0.942296 0.887775 0.00333192
0.942478 0.887863 0.00332492
0.942422 0.887988 0.00331817
0.94266 0.888147 0.00330911
0.942568 0.88829 0.00330052
0.94275 0.888377 0.00329359
0.942693 0.888502 0.00328691
0.94293 0.888659 0.00327795
0.942839 0.888802 0.00326944
0.943021 0.888889 0.00326259
0.942964 0.889013 0.00325596
0.9432 0.889169 0.00324715
0.943109 0.889311 0.00323867
0.94329 0.889397 0.00323192
0.943232 0.889521 0.00322532
0.943469 0.889676 0.00321669
0.943376 0.889818 0.00320821
0.943558 0.889903 0.00320158
0.9435 0.890027 0.00319498
0.943737 0.890181 0.00318658
0.943643 0.890323 0.00317806
0.943825 0.890407 0.00317156
0.943766 0.890531 0.00316495
0.944004 0.890682 0.00315681
0.943907 0.890826 0.00314821
0.944075 0.8909 0.00314185
0.944013 0.891051 0.0031357
0.944174 0.891102 0.00312972
0.944123 0.891248 0.0031237
0.944274 0.891303 0.0031177
0.944226 0.891464 0.00311175
0.944375 0.891503 0.00310577
0.944335 0.891659 0.0030998
0.944495 0.891709 0.0030939
0.944443 0.891854 0.00308795
0.944595 0.891909 0.00308202
0.944545 0.892069 0.00307615
0.944694 0.892108 0.00307024
0.944654 0.892263 0.00306435
0.944814 0.892312 0.00305852
0.944762 0.892457 0.00305264
0.944913 0.892511 0.00304679
0.944863 0.892671 0.003041
0.945012 0.892709 0.00303515
0.944971 0.892864 0.00302934
0.945131 0.892912 0.0030236
0.945078 0.893057 0.00301777
0.94523 0.89311 0.003012
0.945184 0.89325 0.00300628
0.945357 0.893318 0.00300046
0.945302 0.893436 0.00299441
0.94553 0.893585 0.00298647
0.94544 0.893723 0.00297861
0.945617 0.893803 0.00297255
0.945558 0.893924 0.00296637
0.945768 0.894055 0.0029589
0.945689 0.894186 0.00295172
0.945881 0.894284 0.00294543
0.94581 0.89441 0.0029387
0.945994 0.894512 0.00293209
0.945931 0.894634 0.00292576
0.946131 0.894753 0.00291878
0.946057 0.89488 0.00291192
0.946244 0.89498 0.00290555
0.946177 0.895103 0.0028991
0.94638 0.895219 0.00289242
0.946302 0.895349 0.00288541
0.946468 0.895432 0.0028793
0.946417 0.895547 0.00287363
0.946637 0.895695 0.00286583
0.946552 0.895827 0.00285849
0.946723 0.895907 0.00285264
0.946667 0.896024 0.00284679
0.946871 0.896154 0.00283958
0.946794 0.896281 0.00283276
0.946982 0.896377 0.00282674
0.946913 0.896501 0.0028203
0.947094 0.8966 0.00281401
0.947031 0.89672 0.00280791
0.947228 0.896836 0.00280133
0.947153 0.896962 0.00279467
0.947339 0.897057 0.00278869
0.947271 0.89718 0.00278239
0.94745 0.897279 0.00277617
0.947388 0.897398 0.00277018
0.947584 0.897512 0.00276367
0.94751 0.897637 0.00275713
0.947694 0.897732 0.00275124
0.947626 0.897854 0.00274502
0.947804 0.897952 0.00273891
0.947742 0.89807 0.00273298
0.947937 0.898184 0.00272661
0.947863 0.898309 0.00272012
0.948047 0.898403 0.00271436
0.947978 0.898524 0.00270819
0.948156 0.89862 0.00270221
0.948094 0.898739 0.00269632
0.948289 0.898851 0.00269011
0.948213 0.898975 0.00268364
0.948374 0.899056 0.00267802
0.948324 0.899166 0.00267273
0.948538 0.899308 0.0026657
0.948452 0.899437 0.00265873
0.948605 0.899505 0.00265343
0.948548 0.899644 0.00264831
0.948679 0.899684 0.00264334
0.94864 0.899853 0.0026383
0.948761 0.899873 0.00263297
0.948753 0.900105 0.00262633
0.948896 0.900113 0.00262006
0.948872 0.900288 0.00261457
0.94899 0.90031 0.00260942
0.948985 0.900563 0.00260258
0.949138 0.900566 0.00259577
0.949108 0.900729 0.00259062
0.949254 0.90076 0.00258562
0.949211 0.900889 0.00258077
0.949346 0.900941 0.00257587
0.949303 0.901085 0.00257104
0.949438 0.901122 0.00256618
0.949399 0.901263 0.00256133
0.949529 0.901302 0.00255653
0.949496 0.901441 0.00255168
0.949639 0.901488 0.0025469
0.949592 0.901619 0.00254209
0.94973 0.901667 0.00253729
0.949688 0.901796 0.00253254
0.949821 0.901847 0.00252774
0.949778 0.90199 0.002523
0.949912 0.902026 0.00251824
0.949874 0.902166 0.00251349
0.950003 0.902204 0.00250879
0.94997 0.902342 0.00250404
0.950112 0.902388 0.00249935
0.950065 0.902518 0.00249463
0.950202 0.902566 0.00248994
0.950159 0.902694 0.00248527
0.950292 0.902744 0.00248058
0.950249 0.902886 0.00247594
0.950383 0.902921 0.00247126
0.950343 0.903061 0.00246662
0.950473 0.903098 0.002462
0.950438 0.903235 0.00245735
0.950563 0.903274 0.00245278
0.950525 0.903436 0.00244812
0.950642 0.903456 0.00244321
0.950633 0.903679 0.00243713
0.950772 0.903687 0.00243128
0.950747 0.903856 0.00242628
0.950863 0.903876 0.00242144
0.950854 0.904098 0.00241538
0.950992 0.904106 0.00240962
0.950967 0.904275 0.00240465
0.951082 0.904294 0.00239987
0.951074 0.904515 0.00239385
0.95121 0.904523 0.00238816
0.951186 0.904691 0.00238324
0.9513 0.904711 0.00237851
0.951292 0.90493 0.00237255
0.951428 0.904938 0.00236691
0.951403 0.905105 0.00236204
0.951517 0.905125 0.00235735
0.951509 0.905344 0.00235146
0.951644 0.905351 0.00234586
0.95162 0.905518 0.00234105
0.951733 0.905537 0.00233639
0.951724 0.905755 0.00233059
0.95186 0.905763 0.00232501
0.951835 0.905929 0.00232026
0.951949 0.905948 0.00231562
0.951939 0.906165 0.00230993
0.952075 0.906172 0.00230435
0.952049 0.906338 0.00229968
0.952163 0.906356 0.00229504
0.952152 0.906573 0.00228948
0.952289 0.90658 0.00228389
0.952261 0.906745 0.0022793
0.952376 0.906763 0.00227466
0.952364 0.906965 0.00226925
0.952493 0.906976 0.00226406
0.952469 0.907161 0.00225932
0.952596 0.907173 0.00225424
0.952573 0.907357 0.00224945
0.952698 0.907369 0.00224446
0.952677 0.907552 0.00223963
0.9528 0.907565 0.00223473
0.952781 0.907747 0.00222986
0.952902 0.907761 0.00222505
0.952884 0.907942 0.00222014
0.953003 0.907956 0.00221541
0.952987 0.908136 0.00221047
0.953105 0.908151 0.00220581
0.953088 0.908353 0.00220083
0.95322 0.90836 0.00219556
0.953194 0.908522 0.00219113
0.953306 0.90854 0.00218672
0.953294 0.908752 0.00218149
0.953429 0.908757 0.00217612
0.9534 0.90892 0.00217182
0.953514 0.908936 0.00216735
0.9535 0.909135 0.00216233
0.953628 0.909143 0.00215728
0.953605 0.909303 0.00215287
0.953714 0.909321 0.00214861
0.953704 0.90953 0.00214337
0.953835 0.909537 0.0021382
0.953809 0.909697 0.00213393
0.95392 0.909714 0.0021296
0.953908 0.90991 0.0021246
0.954033 0.909919 0.00211971
0.954011 0.910076 0.00211535
0.954118 0.910095 0.0021112
0.954109 0.910302 0.00210601
0.954239 0.910309 0.00210098
0.954213 0.910468 0.00209677
0.954323 0.910484 0.00209254
0.95431 0.910679 0.00208762
0.954435 0.910688 0.00208283
0.954413 0.910844 0.00207855
0.954519 0.910862 0.00207448
0.95451 0.911068 0.0020694
0.954638 0.911074 0.00206445
0.954612 0.911232 0.00206033
0.954722 0.911248 0.00205615
0.954709 0.911441 0.00205137
0.954833 0.91145 0.00204663
0.95481 0.911605 0.00204246
0.954916 0.911623 0.00203843
0.954906 0.911827 0.00203351
0.955035 0.911832 0.00202858
0.955007 0.911989 0.00202459
0.955117 0.912005 0.00202044
0.955103 0.912197 0.00201583
0.955228 0.912204 0.00201109
0.955203 0.912359 0.00200705
0.95531 0.912376 0.00200303
0.955298 0.912566 0.00199833
0.95542 0.912575 0.00199376
0.955398 0.912727 0.00198969
0.955502 0.912745 0.00198578
0.955492 0.912946 0.001981
0.955619 0.912952 0.00197621
0.955594 0.913092 0.00197233
0.95572 0.91312 0.00196862
0.955682 0.913233 0.00196499
0.955801 0.913276 0.00196135
0.955764 0.913389 0.00195775
0.955882 0.913433 0.00195412
0.955846 0.913544 0.00195053
0.955963 0.913589 0.00194691
0.955927 0.9137 0.00194334
0.956044 0.913744 0.00193973
0.956009 0.913855 0.00193618
0.956124 0.9139 0.00193258
0.956085 0.914025 0.00192904
0.956205 0.914055 0.00192545
0.956167 0.91418 0.00192193
0.956285 0.91421 0.00191836
0.956248 0.914334 0.00191484
0.956365 0.914364 0.00191129
0.956328 0.914488 0.00190779
0.956445 0.914518 0.00190426
0.956409 0.914641 0.00190076
0.956525 0.914672 0.00189725
0.95649 0.914795 0.00189376
0.956605 0.914826 0.00189027
0.95657 0.914948 0.00188679
0.956684 0.914979 0.00188331
0.95665 0.915101 0.00187985
0.956764 0.915132 0.00187638
0.95673 0.915253 0.00187293
0.956843 0.915285 0.00186948
0.95681 0.915405 0.00186604
0.956922 0.915437 0.00186261
0.956889 0.915557 0.00185918
0.957001 0.915589 0.00185576
0.956968 0.915709 0.00185235
0.95708 0.915741 0.00184895
0.957048 0.91586 0.00184554
0.957159 0.915892 0.00184215
0.957127 0.916012 0.00183876
0.957237 0.916044 0.00183539
0.957206 0.916163 0.00183201
0.957316 0.916195 0.00182865
0.957284 0.916313 0.00182528
0.957394 0.916345 0.00182194
0.957363 0.916463 0.00181858
0.957473 0.916496 0.00181525
0.957441 0.916614 0.00181191
0.957551 0.916646 0.00180859
0.957519 0.916763 0.00180526
0.957629 0.916795 0.00180195
0.957597 0.916913 0.00179864
0.957706 0.916945 0.00179534
0.957675 0.917062 0.00179204
0.957784 0.917094 0.00178876
0.957752 0.917211 0.00178547
0.957862 0.917243 0.0017822
0.95783 0.91736 0.00177893
0.957939 0.917391 0.00177567
0.957907 0.917508 0.00177241
0.958016 0.91754 0.00176917
0.957984 0.917656 0.00176592
0.958093 0.917688 0.00176269
0.958061 0.917804 0.00175945
0.95817 0.917835 0.00175623
0.958138 0.917952 0.00175301
0.958247 0.917983 0.0017498
0.958215 0.918099 0.00174659
0.958324 0.91813 0.00174339
0.958291 0.918246 0.0017402
0.958401 0.918277 0.00173701
0.958367 0.918393 0.00173384
0.958477 0.918423 0.00173066
0.958443 0.91854 0.0017275
0.958553 0.918569 0.00172433
0.958519 0.918686 0.00172118
0.95863 0.918715 0.00171802
0.958595 0.918832 0.00171489
0.958706 0.918861 0.00171174
0.958671 0.918978 0.00170863
0.958782 0.919007 0.00170549
0.958746 0.919124 0.00170239
0.958857 0.919152 0.00169925
0.958821 0.919269 0.00169617
0.958933 0.919297 0.00169305
0.958901 0.919399 0.00168998
0.959009 0.919441 0.00168686
0.958976 0.919544 0.0016838
0.959084 0.919585 0.00168071
0.959051 0.919689 0.00167765
0.959159 0.91973 0.00167457
0.959125 0.919833 0.00167153
0.959235 0.919873 0.00166846
0.9592 0.919977 0.00166543
0.95931 0.920017 0.00166238
0.959274 0.92012 0.00165935
0.959385 0.92016 0.00165632
0.959348 0.920264 0.00165329
0.959459 0.920303 0.00165028
0.959422 0.920407 0.00164726
0.959534 0.920445 0.00164427
0.959496 0.92055 0.00164126
0.959609 0.920588 0.00163828
0.95957 0.920692 0.00163528
0.959683 0.92073 0.00163231
0.959643 0.920835 0.00162932
0.959757 0.920871 0.00162637
0.959716 0.920977 0.00162338
0.959818 0.921009 0.00162044
0.95979 0.921119 0.00161747
0.959892 0.92115 0.00161454
0.959863 0.921261 0.00161158
0.959965 0.921291 0.00160866
0.959935 0.921402 0.00160572
0.960039 0.921432 0.0016028
0.960008 0.921543 0.00159988
0.960113 0.921572 0.00159696
0.960081 0.921684 0.00159406
0.960186 0.921712 0.00159115
0.960153 0.921824 0.00158827
0.96026 0.921852 0.00158537
0.960225 0.921965 0.0015825
0.960333 0.921992 0.0015796
0.960301 0.922091 0.00157675
0.960406 0.922131 0.00157386
0.960373 0.922231 0.00157101
0.960479 0.92227 0.00156814
0.960445 0.922371 0.0015653
0.960552 0.922409 0.00156245
0.960517 0.92251 0.00155961
0.960625 0.922548 0.00155677
0.960588 0.922649 0.00155394
0.960697 0.922686 0.00155113
0.96066 0.922788 0.00154829
0.96077 0.922824 0.0015455
0.960731 0.922926 0.00154267
0.960829 0.922957 0.00153989
0.960802 0.923065 0.00153707
0.960901 0.923095 0.0015343
0.960872 0.923203 0.0015315
0.960973 0.923232 0.00152872
0.960943 0.923341 0.00152595
0.961045 0.923369 0.00152317
0.961014 0.923478 0.00152042
0.961117 0.923506 0.00151765
0.961084 0.923616 0.00151491
0.961189 0.923642 0.00151214
0.961158 0.923739 0.00150942
0.96126 0.923779 0.00150666
0.961228 0.923876 0.00150394
0.961332 0.923914 0.0015012
0.961298 0.924013 0.00149849
0.961403 0.92405 0.00149577
0.961368 0.924149 0.00149306
0.961475 0.924185 0.00149036
0.961438 0.924285 0.00148765
0.961546 0.924321 0.00148497
0.961507 0.924421 0.00148226
0.961604 0.924451 0.00147959
0.961577 0.924557 0.00147689
0.961674 0.924586 0.00147423
0.961646 0.924692 0.00147155
0.961745 0.92472 0.00146889
0.961715 0.924827 0.00146623
0.961816 0.924854 0.00146357
0.961783 0.924962 0.00146093
0.961886 0.924988 0.00145827
0.961856 0.925083 0.00145565
0.961957 0.925122 0.001453
0.961925 0.925218 0.00145038
0.962027 0.925255 0.00144775
0.961993 0.925352 0.00144513
0.962097 0.925388 0.00144252
0.962062 0.925486 0.0014399
0.962168 0.925521 0.00143731
0.96213 0.92562 0.0014347
0.962224 0.925649 0.00143212
0.962198 0.925753 0.00142952
0.962294 0.925782 0.00142694
0.962266 0.925886 0.00142436
0.962364 0.925914 0.00142178
0.962333 0.926019 0.00141922
0.962433 0.926046 0.00141664
0.962401 0.926152 0.0014141
0.962503 0.926177 0.00141153
0.962472 0.926271 0.00140899
0.962572 0.926309 0.00140644
0.96254 0.926404 0.0014039
0.962642 0.92644 0.00140137
0.962607 0.926536 0.00139883
0.962711 0.926571 0.00139632
0.962674 0.926667 0.00139378
0.962767 0.926697 0.00139129
0.962741 0.926799 0.00138876
0.962836 0.926827 0.00138626
0.962807 0.92693 0.00138376
0.962904 0.926957 0.00138126
0.962874 0.927062 0.00137878
0.962973 0.927087 0.00137628
0.962944 0.92718 0.00137381
0.963042 0.927217 0.00137132
0.96301 0.92731 0.00136885
0.96311 0.927346 0.00136638
0.963077 0.92744 0.00136392
0.963178 0.927475 0.00136147
0.963143 0.927571 0.001359
0.963234 0.9276 0.00135657
0.963208 0.927701 0.00135411
0.963302 0.927729 0.00135168
0.963274 0.92783 0.00134924
0.96337 0.927857 0.0013468
0.96334 0.92796 0.00134439
0.963438 0.927985 0.00134195
0.963409 0.928076 0.00133956
0.963505 0.928113 0.00133713
0.963474 0.928205 0.00133473
0.963573 0.928241 0.00133232
0.96354 0.928334 0.00132992
0.963641 0.928368 0.00132754
0.963605 0.928462 0.00132514
0.963696 0.928491 0.00132277
0.963669 0.928591 0.00132037
0.963763 0.928618 0.001318
0.963734 0.928719 0.00131563
0.96383 0.928745 0.00131326
0.963799 0.928847 0.00131091
0.963897 0.928871 0.00130854
0.963867 0.928962 0.0013062
0.963964 0.928997 0.00130384
0.963931 0.929089 0.0013015
0.964031 0.929123 0.00129917
0.963996 0.929216 0.00129682
0.964085 0.929245 0.00129451
0.96406 0.929343 0.00129216
0.964151 0.929371 0.00128985
0.964124 0.92947 0.00128753
0.964218 0.929496 0.00128521
0.964187 0.929597 0.00128292
0.964284 0.929621 0.0012806
0.964255 0.92971 0.00127831
0.96435 0.929746 0.00127601
0.964318 0.929836 0.00127372
0.964417 0.92987 0.00127144
0.964382 0.929962 0.00126914
0.96447 0.92999 0.00126688
0.964445 0.930088 0.00126459
0.964536 0.930114 0.00126233
0.964508 0.930213 0.00126007
0.964602 0.930238 0.0012578
0.964575 0.930326 0.00125556
0.964668 0.930362 0.00125329
0.964638 0.930451 0.00125105
0.964733 0.930485 0.0012488
0.964701 0.930576 0.00124656
0.964799 0.930608 0.00124434
0.964763 0.9307 0.00124209
0.964852 0.930727 0.00123988
0.964826 0.930824 0.00123765
0.964917 0.93085 0.00123543
0.964888 0.930948 0.00123323
0.964982 0.930973 0.001231
0.964954 0.93106 0.00122881
0.965047 0.931095 0.0012266
0.965016 0.931184 0.0012244
0.965112 0.931217 0.00122222
0.965078 0.931307 0.00122002
0.965165 0.931334 0.00121785
0.96514 0.93143 0.00121566
0.96523 0.931456 0.00121348
0.965201 0.931553 0.00121131
0.965294 0.931577 0.00120914
0.965267 0.931664 0.00120699
0.965359 0.931698 0.00120481
0.965328 0.931786 0.00120266
0.965423 0.931819 0.00120051
0.965389 0.931909 0.00119836
0.965476 0.931936 0.00119623
0.965451 0.932031 0.00119408
0.96554 0.932056 0.00119194
0.965511 0.932153 0.00118982
0.965603 0.932177 0.00118768
0.965576 0.932262 0.00118557
0.965667 0.932296 0.00118344
0.965637 0.932384 0.00118132
0.965731 0.932416 0.00117922
0.965698 0.932505 0.0011771
0.965783 0.932532 0.00117501
0.965758 0.932626 0.0011729
0.965847 0.932651 0.00117081
0.965818 0.932747 0.00116872
0.96591 0.93277 0.00116662
0.965882 0.932855 0.00116455
0.965974 0.932889 0.00116246
0.965943 0.932976 0.00116039
0.966037 0.933007 0.00115833
0.966003 0.933096 0.00115624
0.966088 0.933122 0.00115419
0.966063 0.933216 0.00115212
0.966151 0.93324 0.00115007
0.966122 0.933335 0.00114803
0.966214 0.933358 0.00114596
0.966186 0.933443 0.00114392
0.966277 0.933476 0.00114188
0.966245 0.933562 0.00113984
0.966328 0.933589 0.00113782
0.966305 0.933682 0.00113578
0.966391 0.933707 0.00113376
0.966364 0.9338 0.00113174
0.966453 0.933824 0.00112971
0.966426 0.933908 0.00112771
0.966516 0.933941 0.00112569
0.966486 0.934026 0.00112368
0.966578 0.934057 0.00112169
0.966545 0.934144 0.00111968
0.966629 0.93417 0.00111769
0.966603 0.934262 0.0011157
0.966691 0.934286 0.00111371
0.966665 0.934369 0.00111174
0.966753 0.934402 0.00110974
0.966724 0.934486 0.00110777
0.966815 0.934518 0.0011058
0.966783 0.934603 0.00110382
0.966865 0.93463 0.00110187
0.966841 0.934721 0.0010999
0.966927 0.934745 0.00109794
0.966899 0.934838 0.00109599
0.966988 0.93486 0.00109403
0.966961 0.934943 0.00109209
0.96705 0.934975 0.00109015
0.967019 0.935059 0.0010882
0.9671 0.935086 0.00108628
0.967076 0.935176 0.00108433
0.967161 0.9352 0.00108241
0.967134 0.935292 0.00108049
0.967222 0.935315 0.00107856
0.967195 0.935397 0.00107665
0.967283 0.935429 0.00107473
0.967253 0.935512 0.00107281
0.967333 0.935539 0.00107092
0.96731 0.935628 0.001069
0.967394 0.935652 0.0010671
0.967367 0.935743 0.00106521
0.967455 0.935766 0.00106331
0.967428 0.935847 0.00106143
0.967515 0.935879 0.00105954
0.967485 0.935962 0.00105765
0.967565 0.935988 0.00105579
0.967542 0.936077 0.0010539
0.967625 0.936101 0.00105203
0.967598 0.936191 0.00105017
0.967686 0.936214 0.00104829
0.967659 0.936295 0.00104644
0.967746 0.936326 0.00104458
0.967715 0.936409 0.00104272
0.967795 0.936434 0.00104088
0.967772 0.936523 0.00103902
0.967855 0.936546 0.00103718
0.967828 0.936636 0.00103535
0.967915 0.936658 0.0010335
0.967887 0.936739 0.00103167
0.967975 0.93677 0.00102984
0.967944 0.936852 0.00102801
0.968023 0.936877 0.0010262
0.967999 0.936965 0.00102437
0.968083 0.936988 0.00102255
0.968059 0.937067 0.00102075
0.968142 0.937099 0.00101893
0.968114 0.93718 0.00101712
0.968202 0.93721 0.00101533
0.96817 0.937292 0.00101352
0.96825 0.937317 0.00101173
0.968225 0.937405 0.00100993
0.96831 0.937427 0.00100814
0.968284 0.937506 0.00100636
0.968369 0.937537 0.00100457
0.96834 0.937618 0.00100279
0.968417 0.937643 0.00100103
0.968395 0.937729 0.000999239
0.968476 0.937753 0.000997472
0.96845 0.937841 0.000995713
0.968535 0.937863 0.000993939
0.968508 0.937942 0.000992185
0.968593 0.937972 0.000990429
0.968563 0.938053 0.000988669
0.968641 0.938077 0.000986928
0.968618 0.938164 0.000985176
0.9687 0.938186 0.000983429
0.968675 0.938264 0.000981701
0.968758 0.938295 0.000979953
0.96873 0.938374 0.000978219
0.968817 0.938403 0.0009765
0.968784 0.938484 0.00097476
0.968864 0.938508 0.000973039
0.968839 0.938595 0.000971323
0.968922 0.938616 0.000969596
0.968896 0.938694 0.000967888
0.96898 0.938724 0.000966176
0.96895 0.938804 0.000964462
0.969028 0.938828 0.000962765
0.969004 0.938913 0.000961059
0.969085 0.938936 0.000959357
0.969061 0.939012 0.000957672
0.969143 0.939043 0.00095597
0.969115 0.939121 0.00095428
0.96919 0.939146 0.000952607
0.969168 0.93923 0.000950911
0.969248 0.939253 0.000949233
0.969222 0.939339 0.000947564
0.969305 0.93936 0.00094588
0.969279 0.939437 0.000944213
0.969362 0.939466 0.00094255
0.969332 0.939546 0.000940877
0.969409 0.939569 0.000939222
0.969385 0.939654 0.000937564
0.969466 0.939675 0.000935903
0.969441 0.939751 0.000934258
0.969523 0.939781 0.000932606
0.969494 0.939859 0.000930956
0.96957 0.939883 0.000929322
0.969547 0.939967 0.000927676
0.969627 0.939989 0.000926037
0.969603 0.940064 0.000924413
0.969684 0.940094 0.000922774
0.969656 0.940171 0.000921145
0.96973 0.940196 0.000919532
0.969708 0.940278 0.000917899
0.969786 0.940301 0.000916281
0.969761 0.940385 0.000914677
0.969843 0.940405 0.000913052
0.969816 0.940482 0.000911444
0.969899 0.94051 0.000909846
0.969868 0.940588 0.000908231
0.969945 0.940611 0.000906633
0.96992 0.940695 0.000905042
0.970001 0.940715 0.000903437
0.969976 0.94079 0.000901849
0.970058 0.940819 0.000900265
0.970028 0.940896 0.00089867
0.970103 0.940919 0.000897092
0.970079 0.941002 0.000895515
0.970159 0.941023 0.00089393
0.970134 0.941098 0.000892361
0.970215 0.941126 0.000890791
0.970186 0.941203 0.000889216
0.970261 0.941226 0.000887656
0.970237 0.941308 0.000886093
0.970316 0.941329 0.000884527
0.970292 0.941403 0.000882977
0.970372 0.941432 0.000881422
0.970343 0.941508 0.000879865
0.970417 0.941531 0.000878324
0.970394 0.941613 0.000876776
0.970472 0.941634 0.000875229
0.970448 0.941707 0.000873696
0.970528 0.941736 0.000872157
0.970499 0.941811 0.000870618
0.970573 0.941835 0.000869094
0.97055 0.941916 0.000867563
0.970628 0.941937 0.000866033
0.970604 0.94201 0.000864517
0.970683 0.942038 0.000862994
0.970655 0.942113 0.000861473
0.970728 0.942136 0.000859965
0.970705 0.942217 0.000858451
0.970782 0.942238 0.000856938
0.970759 0.94231 0.000855439
0.970837 0.942339 0.000853933
0.970809 0.942414 0.000852428
0.970882 0.942436 0.000850937
0.970859 0.942517 0.00084944
0.970936 0.942537 0.000847943
0.970913 0.94261 0.00084646
0.970991 0.942638 0.000844972
0.970963 0.942712 0.000843483
0.971035 0.942735 0.000842008
0.971013 0.942815 0.000840529
0.971089 0.942835 0.000839047
0.971065 0.942907 0.00083758
0.971144 0.942935 0.00083611
0.971115 0.943009 0.000834636
0.971188 0.943032 0.000833176
0.971165 0.943111 0.000831716
0.971242 0.943131 0.000830249
0.971217 0.943203 0.000828797
0.971296 0.943231 0.000827346
0.971267 0.943305 0.000825887
0.97134 0.943327 0.000824441
0.971316 0.943406 0.000823
0.971393 0.943426 0.000821548
0.971369 0.943498 0.00082011
0.971447 0.943525 0.000818678
0.971418 0.943599 0.000817234
0.971491 0.94362 0.000815802
0.971467 0.9437 0.000814381
0.971544 0.943719 0.000812943
0.971519 0.943791 0.000811519
0.971588 0.943814 0.000810106
0.971568 0.943891 0.000808676
0.971641 0.943912 0.000807258
0.971619 0.943982 0.000805852
0.971694 0.94401 0.000804433
0.971668 0.944082 0.000803022
0.971738 0.944105 0.000801622
0.971716 0.944182 0.000800213
0.971791 0.944203 0.000798808
0.971768 0.944273 0.000797416
0.971844 0.9443 0.000796016
0.971816 0.944372 0.000794618
0.971887 0.944394 0.000793232
0.971865 0.944472 0.000791843
0.971939 0.944491 0.000790451
0.971916 0.944562 0.000789071
0.971992 0.944588 0.000787693
0.971964 0.944661 0.000786308
0.972035 0.944682 0.000784934
0.972012 0.94476 0.000783567
0.972087 0.944779 0.000782187
0.972063 0.944849 0.000780819
0.97213 0.944872 0.000779462
0.97211 0.944948 0.000778089
0.972183 0.944968 0.000776727
0.972161 0.945037 0.000775376
0.972235 0.945064 0.000774014
0.972209 0.945135 0.000772658
0.972277 0.945157 0.000771313
0.972256 0.945233 0.000769961
0.972329 0.945253 0.000768611
0.972306 0.945322 0.000767272
0.972381 0.945348 0.000765932
0.972354 0.945419 0.000764587
0.972424 0.945441 0.000763253
0.972401 0.945517 0.000761925
0.972475 0.945536 0.000760585
0.972451 0.945605 0.000759257
0.972518 0.945628 0.000757939
0.972498 0.945702 0.000756606
0.972569 0.945723 0.000755283
0.972548 0.94579 0.000753971
0.972621 0.945817 0.000752649
0.972595 0.945887 0.000751331
0.972663 0.945909 0.000750024
0.972641 0.945984 0.000748714
0.972714 0.946003 0.000747401
0.972691 0.946071 0.0007461
0.972766 0.946097 0.000744801
0.972738 0.946168 0.000743494
0.972807 0.946188 0.000742197
0.972787 0.946255 0.00074091
0.972858 0.946282 0.000739608
0.972833 0.946351 0.000738316
0.9729 0.946372 0.000737034
0.97288 0.946447 0.000735744
0.972951 0.946466 0.000734457
0.972929 0.946533 0.00073318
0.973002 0.946559 0.000731902
0.972975 0.946629 0.000730619
0.973043 0.946649 0.000729347
0.973021 0.946724 0.000728082
0.973094 0.946742 0.000726804
0.97307 0.94681 0.000725536
0.973135 0.946832 0.000724279
0.973115 0.946906 0.000723009
0.973186 0.946925 0.000721747
0.973164 0.946991 0.000720494
0.973236 0.947017 0.000719237
0.97321 0.947086 0.000717978
0.973277 0.947107 0.00071673
0.973255 0.947181 0.000715486
0.973328 0.947199 0.000714231
0.973304 0.947266 0.000712987
0.973369 0.947288 0.000711752
0.973349 0.94736 0.000710506
0.973419 0.94738 0.000709266
0.973397 0.947445 0.000708035
0.973469 0.947471 0.000706802
0.973442 0.947539 0.000705566
0.973509 0.94756 0.000704339
0.973487 0.947633 0.000703119
0.973559 0.947651 0.000701886
0.973535 0.947718 0.000700664
0.9736 0.947739 0.000699451
0.97358 0.947811 0.000698228
0.97365 0.94783 0.00069701
0.973628 0.947896 0.000695801
0.973699 0.947921 0.000694592
0.973673 0.947989 0.000693377
0.97374 0.948009 0.000692172
0.97372 0.948073 0.000690975
0.973789 0.948099 0.000689765
0.973765 0.948166 0.000688563
0.973829 0.948187 0.000687371
0.973809 0.948258 0.000686173
0.973878 0.948277 0.000684975
0.973856 0.948342 0.000683787
0.973928 0.948367 0.000682603
0.973901 0.948434 0.000681408
0.973968 0.948454 0.000680223
0.973947 0.948518 0.000679047
0.974017 0.948543 0.000677862
0.973992 0.94861 0.00067668
0.974057 0.94863 0.000675508
0.974036 0.948702 0.000674336
0.974106 0.948719 0.000673158
0.974083 0.948784 0.000671989
0.974146 0.948805 0.000670828
0.974126 0.948876 0.000669656
0.974194 0.948895 0.00066849
0.974173 0.948959 0.000667333
0.974243 0.948983 0.000666175
0.974217 0.94905 0.000665012
0.974282 0.949069 0.000663858
0.974263 0.949132 0.000662712
0.974331 0.949158 0.000661554
0.974307 0.949223 0.000660403
0.97437 0.949243 0.000659261
0.97435 0.949314 0.000658117
0.974419 0.949332 0.000656969
0.974396 0.949396 0.000655829
0.974458 0.949417 0.000654698
0.974439 0.949486 0.000653555
0.974506 0.949505 0.000652418
0.974485 0.949568 0.00065129
0.974554 0.949592 0.000650161
0.974528 0.949658 0.000649027
0.974593 0.949677 0.000647902
0.974574 0.949739 0.000646784
0.974641 0.949765 0.000645656
0.974617 0.949829 0.000644534
0.97468 0.949849 0.000643419
0.97466 0.949919 0.000642306
0.974728 0.949936 0.000641186
0.974705 0.95 0.000640074
0.974767 0.95002 0.00063897
0.974748 0.950089 0.000637858
0.974814 0.950107 0.000636749
0.974793 0.95017 0.000635648
0.974862 0.950194 0.00063455
0.974836 0.950259 0.000633443
0.974901 0.950277 0.000632345
0.974881 0.950339 0.000631254
0.974948 0.950364 0.000630157
0.974923 0.950428 0.000629061
0.974987 0.950447 0.000627973
0.974966 0.950517 0.000626892
0.975034 0.950533 0.000625798
0.975011 0.950597 0.000624713
0.975072 0.950616 0.000623634
0.975053 0.950685 0.000622554
0.975119 0.950702 0.000621471
0.975097 0.950764 0.000620396
0.975158 0.950785 0.000619327
0.975139 0.950852 0.00061825
0.975205 0.95087 0.000617176
0.975184 0.950932 0.000616111
0.975251 0.950955 0.000615048
0.975226 0.95102 0.000613977
0.975289 0.951038 0.000612913
0.97527 0.951099 0.000611857
0.975336 0.951123 0.000610797
0.975312 0.951186 0.000609735
0.975374 0.951205 0.000608681
0.975356 0.951265 0.000607634
0.975421 0.951289 0.000606577
0.975397 0.951352 0.000605525
0.975459 0.951371 0.00060448
0.975438 0.951439 0.000603438
0.975505 0.951456 0.000602388
0.975482 0.951517 0.000601346
0.975543 0.951537 0.00060031
0.975524 0.951604 0.000599271
0.975589 0.951621 0.00059823
0.975567 0.951682 0.000597197
0.975627 0.951702 0.00059617
0.975608 0.951769 0.000595134
0.975672 0.951786 0.000594102
0.975652 0.951846 0.000593078
0.975718 0.95187 0.000592057
0.975693 0.951933 0.000591027
0.975756 0.95195 0.000590005
0.975736 0.95201 0.000588989
0.975802 0.952034 0.000587972
0.975777 0.952096 0.000586951
0.975839 0.952114 0.000585937
0.97582 0.952173 0.00058493
0.975885 0.952197 0.000583916
0.975861 0.952259 0.000582904
0.975922 0.952277 0.000581899
0.975904 0.952336 0.0005809
0.975967 0.95236 0.00057989
0.975944 0.952421 0.000578886
0.976005 0.95244 0.000577889
0.975985 0.952506 0.000576895
0.97605 0.952522 0.000575893
0.976028 0.952583 0.000574898
0.976087 0.952602 0.000573909
0.976068 0.952667 0.000572919
0.976132 0.952684 0.000571925
0.97611 0.952744 0.000570938
0.976169 0.952763 0.000569957
0.97615 0.952828 0.000568972
0.976214 0.952845 0.000567986
0.976193 0.952905 0.000567007
0.976251 0.952924 0.000566034
0.976233 0.952989 0.000565053
0.976295 0.953005 0.000564075
0.976275 0.953065 0.000563104
0.976332 0.953084 0.000562138
0.976315 0.953148 0.000561162
0.976377 0.953165 0.000560193
0.976357 0.953224 0.000559229
0.976421 0.953247 0.000558269
0.976397 0.953308 0.0005573
0.976458 0.953325 0.000556338
0.976439 0.953383 0.000555382
0.976502 0.953406 0.000554426
0.976478 0.953466 0.000553465
0.976539 0.953484 0.000552511
0.97652 0.953542 0.000551562
0.976583 0.953564 0.000550612
0.976559 0.953625 0.000549658
0.976619 0.953642 0.000548711
0.976601 0.953699 0.000547769
0.976663 0.953722 0.000546825
0.97664 0.953782 0.000545878
0.9767 0.9538 0.000544938
0.976681 0.953857 0.000544004
0.976744 0.95388 0.000543065
0.976721 0.953939 0.000542126
0.97678 0.953957 0.000541193
0.976762 0.954014 0.000540265
0.976823 0.954036 0.000539332
0.976801 0.954096 0.0005384
0.976859 0.954113 0.000537474
0.976842 0.95417 0.000536553
0.976903 0.954193 0.000535625
0.976881 0.954252 0.000534701
0.976939 0.954269 0.000533782
0.976921 0.954326 0.000532868
0.976982 0.954348 0.000531946
0.97696 0.954407 0.000531028
0.977018 0.954425 0.000530115
0.977001 0.954481 0.000529208
0.977062 0.954504 0.000528292
0.977039 0.954562 0.000527381
0.977097 0.95458 0.000526475
0.97708 0.954636 0.000525575
0.97714 0.954658 0.000524665
0.977118 0.954717 0.000523761
0.977176 0.954734 0.000522861
0.977159 0.95479 0.000521967
0.977219 0.954812 0.000521064
0.977197 0.95487 0.000520166
0.977254 0.954888 0.000519273
0.977237 0.954943 0.000518385
0.977297 0.954966 0.000517488
0.977275 0.955024 0.000516596
0.977333 0.955041 0.00051571
0.977315 0.955096 0.000514828
0.977375 0.955119 0.000513938
0.977353 0.955177 0.000513053
0.97741 0.955194 0.000512172
0.977393 0.955249 0.000511297
0.977453 0.955271 0.000510414
0.977431 0.955329 0.000509534
0.977488 0.955346 0.00050866
0.977471 0.955401 0.00050779
0.977531 0.955423 0.000506914
0.977509 0.955481 0.000506041
0.977566 0.955498 0.000505172
0.977548 0.955553 0.000504309
0.977608 0.955575 0.000503439
0.977586 0.955632 0.000502572
0.977643 0.955649 0.000501709
0.977625 0.955704 0.000500852
0.977685 0.955725 0.00049999
0.977663 0.955783 0.000499128
0.97772 0.955799 0.000498271
0.977702 0.955854 0.000497419
0.977762 0.955876 0.000496565
0.977739 0.955933 0.000495709
0.977796 0.955949 0.000494858
0.977779 0.956004 0.000494011
0.977838 0.956026 0.000493164
0.977816 0.956083 0.000492314
0.977873 0.956099 0.000491468
0.977855 0.956154 0.000490628
0.977915 0.956175 0.000489788
0.977892 0.956232 0.000488943
0.977949 0.956248 0.000488103
0.977931 0.956303 0.000487268
0.977991 0.956323 0.000486436
0.977967 0.956381 0.000485596
0.978025 0.956396 0.000484762
0.978006 0.956451 0.000483932
0.978059 0.956469 0.000483106
0.978043 0.956529 0.000482273
0.9781 0.956544 0.000481444
0.978081 0.956599 0.00048062
0.978135 0.956617 0.000479799
0.978118 0.956676 0.000478974
0.978176 0.956692 0.00047815
0.978156 0.956746 0.000477331
0.97821 0.956764 0.000476516
0.978193 0.956824 0.000475698
0.978251 0.956839 0.00047488
0.978231 0.956893 0.000474066
0.978285 0.956911 0.000473256
0.978267 0.95697 0.000472446
0.978326 0.956985 0.000471633
0.978306 0.95704 0.000470824
0.97836 0.957057 0.000470019
0.978341 0.957116 0.000469218
0.9784 0.957131 0.000468409
0.97838 0.957186 0.000467605
0.978434 0.957202 0.000466805
0.978418 0.957255 0.000466009
0.978475 0.957276 0.000465208
0.978454 0.957331 0.000464409
0.978508 0.957347 0.000463614
0.978491 0.9574 0.000462823
0.978549 0.957421 0.00046203
0.978527 0.957476 0.000461236
0.978582 0.957492 0.000460446
0.978565 0.957545 0.00045966
0.978623 0.957565 0.000458876
0.978601 0.95762 0.000458086
0.978656 0.957636 0.0004573
0.978638 0.957689 0.000456519
0.97869 0.957706 0.000455742
0.978674 0.957764 0.000454958
0.97873 0.957779 0.000454177
0.978711 0.957833 0.000453401
0.978763 0.95785 0.000452628
0.978746 0.957908 0.000451853
0.978803 0.957923 0.000451077
0.978784 0.957976 0.000450305
0.978836 0.957993 0.000449537
0.978819 0.958051 0.000448771
0.978876 0.958065 0.000447999
0.978856 0.958119 0.000447231
0.978909 0.958135 0.000446468
0.978893 0.958186 0.000445708
0.978949 0.958207 0.000444942
0.978928 0.958261 0.000444179
0.978982 0.958277 0.00044342
0.978965 0.958328 0.000442665
0.979022 0.958349 0.000441909
0.979 0.958403 0.00044115
0.979054 0.958418 0.000440395
0.979037 0.95847 0.000439644
0.979087 0.958487 0.000438896
0.979071 0.958544 0.000438142
0.979126 0.958559 0.000437391
0.979108 0.958611 0.000436644
0.979159 0.958628 0.000435901
0.979143 0.958685 0.000435156
0.979198 0.958699 0.000434409
0.979179 0.958751 0.000433667
0.979231 0.958768 0.000432928
0.979214 0.958825 0.000432191
0.97927 0.958839 0.000431449
0.97925 0.958891 0.00043071
0.979302 0.958907 0.000429976
0.979286 0.958958 0.000429244
0.979342 0.958978 0.00042851
0.979321 0.959031 0.000427775
0.979374 0.959046 0.000427045
0.979357 0.959097 0.000426318
0.979413 0.959117 0.000425593
0.979391 0.95917 0.000424862
0.979445 0.959185 0.000424135
0.979427 0.959236 0.000423412
0.979477 0.959253 0.000422692
0.979461 0.959309 0.00042197
0.979516 0.959323 0.000421246
0.979497 0.959375 0.000420527
0.979548 0.959391 0.000419811
0.979531 0.959447 0.000419099
0.979587 0.959461 0.000418379
0.979567 0.959513 0.000417664
0.979618 0.959528 0.000416952
0.979603 0.959578 0.000416243
0.979657 0.959598 0.000415533
0.979636 0.95965 0.000414821
0.979689 0.959665 0.000414113
0.979672 0.959715 0.000413408
0.979721 0.959732 0.000412706
0.979705 0.959787 0.000411999
0.979759 0.959801 0.000411294
0.979741 0.959852 0.000410593
0.979791 0.959868 0.000409895
0.979774 0.959924 0.000409198
0.979829 0.959937 0.000408497
0.97981 0.959988 0.000407799
0.97986 0.960004 0.000407105
0.979845 0.960053 0.000406414
0.979898 0.960073 0.00040572
0.979878 0.960124 0.000405025
0.97993 0.960139 0.000404335
0.979913 0.960189 0.000403648
0.979968 0.960208 0.000402963
0.979946 0.96026 0.000402272
0.979999 0.960274 0.000401585
0.979981 0.960324 0.000400901
0.98003 0.96034 0.000400221
0.980014 0.960395 0.00039954
0.980068 0.960408 0.000398856
0.980049 0.960458 0.000398175
0.980099 0.960474 0.000397498
0.980084 0.960522 0.000396824
0.980137 0.960542 0.000396147
0.980117 0.960593 0.000395469
0.980168 0.960607 0.000394796
0.980152 0.960656 0.000394125
0.980199 0.960673 0.000393457
0.980184 0.960727 0.000392784
0.980237 0.96074 0.000392113
0.980219 0.96079 0.000391446
0.980267 0.960806 0.000390781
0.980251 0.96086 0.000390118
0.980305 0.960873 0.00038945
0.980286 0.960923 0.000388786
0.980336 0.960938 0.000388125
0.98032 0.960986 0.000387467
0.980373 0.961005 0.000386808
0.980353 0.961056 0.000386146
0.980404 0.96107 0.000385488
0.980387 0.961119 0.000384834
0.980434 0.961135 0.000384182
0.980419 0.961188 0.000383527
0.980471 0.961201 0.000382872
0.980453 0.961251 0.00038222
0.980502 0.961266 0.000381571
0.980487 0.961313 0.000380925
0.980539 0.961332 0.000380274
0.980519 0.961382 0.000379626
0.980569 0.961397 0.00037898
0.980553 0.961444 0.000378337
0.9806 0.961461 0.000377697
0.980585 0.961513 0.000377051
0.980636 0.961527 0.000376408
0.980619 0.961575 0.000375768
0.980667 0.961591 0.000375131
0.980651 0.961644 0.000374496
0.980703 0.961657 0.000373856
0.980685 0.961706 0.000373219
0.980733 0.96172 0.000372585
0.980718 0.961768 0.000371954
0.98077 0.961786 0.000371323
0.98075 0.961836 0.000370688
0.9808 0.96185 0.000370057
0.980783 0.961897 0.000369429
0.98083 0.961913 0.000368804
0.980815 0.961965 0.000368178
0.980866 0.961978 0.000367549
0.980848 0.962027 0.000366924
0.980896 0.962041 0.000366301
0.980881 0.962088 0.000365681
0.980933 0.962107 0.00036506
0.980913 0.962156 0.000364437
0.980962 0.962169 0.000363817
0.980946 0.962217 0.0003632
0.980992 0.962232 0.000362586
0.980977 0.962284 0.00036197
0.981028 0.962297 0.000361352
0.98101 0.962345 0.000360738
0.981058 0.96236 0.000360126
0.981043 0.962406 0.000359517
0.981094 0.962424 0.000358907
0.981074 0.962473 0.000358295
0.981123 0.962487 0.000357686
0.981107 0.962533 0.000357079
0.981153 0.962549 0.000356476
0.981138 0.9626 0.00035587
0.981189 0.962613 0.000355264
0.981171 0.962661 0.00035466
0.981218 0.962675 0.000354059
0.981204 0.962721 0.00035346
0.981254 0.962739 0.000352861
0.981234 0.962787 0.000352259
0.981283 0.962801 0.000351661
0.981267 0.962847 0.000351065
0.981313 0.962863 0.000350471
0.981298 0.962914 0.000349877
0.981348 0.962926 0.000349281
0.98133 0.962973 0.000348688
0.981377 0.962988 0.000348097
0.981363 0.963033 0.000347508
0.981413 0.963051 0.00034692
0.981393 0.963099 0.000346329
0.981442 0.963112 0.00034574
0.981425 0.963159 0.000345155
0.981471 0.963174 0.000344571
0.981456 0.963224 0.000343989
0.981506 0.963237 0.000343402
0.981488 0.963284 0.000342819
0.981535 0.963298 0.000342238
0.98152 0.963343 0.000341659
0.98157 0.963361 0.000341083
0.981555 0.963398 0.000340501
0.98162 0.963438 0.000339761
0.981592 0.963481 0.000339024
0.981639 0.9635 0.00033844
0.981622 0.963546 0.000337866
0.981668 0.963561 0.000337295
0.981654 0.963605 0.000336727
0.981702 0.963623 0.000336153
0.981684 0.96367 0.000335582
0.981731 0.963684 0.000335013
0.981716 0.963729 0.000334447
0.98176 0.963744 0.000333883
0.981746 0.963793 0.000333316
0.981794 0.963806 0.000332749
0.981777 0.963852 0.000332185
0.981823 0.963866 0.000331623
0.981809 0.96391 0.000331064
0.981858 0.963928 0.000330503
0.981839 0.963975 0.000329941
0.981886 0.963988 0.000329381
0.98187 0.964033 0.000328824
0.981914 0.964047 0.000328269
0.9819 0.964097 0.000327715
0.981949 0.964109 0.000327157
0.981931 0.964155 0.000326602
0.981977 0.964168 0.00032605
0.981962 0.964213 0.000325499
0.982005 0.964228 0.000324951
0.981992 0.964276 0.000324398
0.982039 0.964289 0.000323848
0.982023 0.964334 0.000323299
0.982068 0.964348 0.000322753
0.982054 0.964392 0.000322209
0.982102 0.964409 0.000321663
0.982083 0.964455 0.000321117
0.98213 0.964468 0.000320573
0.982114 0.964512 0.000320031
0.982158 0.964527 0.000319491
0.982143 0.964576 0.000318952
0.982192 0.964588 0.00031841
0.982174 0.964633 0.00031787
0.982219 0.964646 0.000317333
0.982205 0.96469 0.000316797
0.982247 0.964705 0.000316264
0.982234 0.964753 0.000315727
0.982281 0.964765 0.000315191
0.982265 0.96481 0.000314658
0.982309 0.964823 0.000314127
0.982295 0.964867 0.000313598
0.982343 0.964884 0.000313068
0.982324 0.964929 0.000312536
0.98237 0.964942 0.000312007
0.982355 0.964986 0.00031148
0.982398 0.965 0.000310955
0.982385 0.965042 0.000310431
0.982431 0.96506 0.000309904
0.982414 0.965105 0.000309379
0.982459 0.965118 0.000308856
0.982444 0.965161 0.000308335
0.982487 0.965175 0.000307815
0.982473 0.965223 0.000307295
0.98252 0.965235 0.000306774
0.982503 0.965279 0.000306255
0.982547 0.965292 0.000305737
0.982533 0.965335 0.000305222
0.982575 0.96535 0.000304709
0.982562 0.965397 0.000304192
0.982608 0.965409 0.000303676
0.982592 0.965453 0.000303163
0.982635 0.965466 0.000302652
0.982622 0.965508 0.000302143
0.982668 0.965525 0.000301632
0.98265 0.96557 0.000301121
0.982695 0.965582 0.000300611
0.98268 0.965625 0.000300104
0.982722 0.965639 0.000299599
0.98271 0.965681 0.000299095
0.982755 0.965698 0.000298588
0.982738 0.965742 0.000298082
0.982782 0.965755 0.000297579
0.982768 0.965797 0.000297077
0.982809 0.965811 0.000296577
0.982795 0.965858 0.000296077
0.982842 0.96587 0.000295575
0.982825 0.965913 0.000295075
0.982869 0.965926 0.000294577
0.982855 0.965968 0.000294081
0.982896 0.965983 0.000293587
0.982883 0.966029 0.000293091
0.982928 0.966041 0.000292594
0.982912 0.966084 0.0002921
0.982955 0.966097 0.000291607
0.982942 0.966139 0.000291117
0.982982 0.966153 0.000290628
0.982969 0.966199 0.000290135
0.983014 0.966211 0.000289644
0.982999 0.966254 0.000289155
0.983041 0.966267 0.000288668
0.983028 0.966308 0.000288183
0.983073 0.966324 0.000287698
0.983055 0.966368 0.000287211
0.9831 0.96638 0.000286725
0.983085 0.966422 0.000286242
0.983126 0.966435 0.00028576
0.983114 0.966476 0.00028528
0.983159 0.966493 0.000284798
0.983141 0.966536 0.000284316
0.983185 0.966548 0.000283836
0.98317 0.96659 0.000283358
0.983211 0.966603 0.000282881
0.983199 0.966644 0.000282406
0.983243 0.966661 0.000281929
0.983226 0.966704 0.000281452
0.98327 0.966716 0.000280977
0.983255 0.966757 0.000280504
0.983296 0.966771 0.000280033
0.983284 0.966811 0.000279563
0.983328 0.966827 0.00027909
0.983311 0.96687 0.000278618
0.983354 0.966882 0.000278148
0.98334 0.966923 0.00027768
0.98338 0.966937 0.000277213
0.983366 0.966982 0.000276748
0.983402 0.966991 0.000276278
0.983396 0.96706 0.000275687
0.983443 0.967062 0.000275086
0.983431 0.967107 0.000274617
0.983474 0.967119 0.000274154
0.98346 0.96716 0.000273692
0.9835 0.967173 0.000273233
0.983488 0.967213 0.000272775
0.983531 0.967229 0.000272313
0.983515 0.967271 0.000271853
0.983557 0.967283 0.000271395
0.983543 0.967324 0.000270939
0.983583 0.967337 0.000270484
0.983571 0.967377 0.00027003
0.983614 0.967393 0.000269573
0.983598 0.967435 0.000269118
0.98364 0.967447 0.000268665
0.983626 0.967488 0.000268213
0.983666 0.967501 0.000267763
0.983654 0.96754 0.000267314
0.983697 0.967556 0.000266862
0.983681 0.967598 0.000266412
0.983723 0.96761 0.000265963
0.983709 0.96765 0.000265516
0.983748 0.967663 0.00026507
0.983736 0.967702 0.000264626
0.983779 0.967718 0.000264179
0.983763 0.96776 0.000263733
0.983805 0.967772 0.000263289
0.983791 0.967812 0.000262846
0.98383 0.967825 0.000262405
0.983818 0.967864 0.000261966
0.983861 0.96788 0.000261523
0.983845 0.967921 0.000261082
0.983886 0.967933 0.000260642
0.983872 0.967973 0.000260204
0.983912 0.967986 0.000259768
0.9839 0.968024 0.000259333
0.983942 0.96804 0.000258895
0.983926 0.968081 0.000258458
0.983968 0.968093 0.000258023
0.983954 0.968133 0.00025759
0.983993 0.968146 0.000257158
0.983981 0.968184 0.000256727
0.984023 0.9682 0.000256294
0.984007 0.968241 0.000255862
0.984048 0.968252 0.000255431
0.984034 0.968292 0.000255002
0.984074 0.968305 0.000254574
0.984062 0.968343 0.000254148
0.984104 0.968359 0.00025372
0.984087 0.9684 0.000253292
0.984129 0.968411 0.000252866
0.984115 0.968451 0.000252441
0.984154 0.968463 0.000252017
0.984142 0.968502 0.000251595
0.984184 0.968517 0.000251173
0.984171 0.968548 0.000250749
0.984227 0.968583 0.000250212
0.984203 0.96862 0.000249669
0.984244 0.968636 0.000249245
0.984229 0.968676 0.000248825
0.984268 0.968688 0.000248408
0.984256 0.968727 0.000247991
0.984293 0.96874 0.000247576
0.984281 0.968782 0.00024716
0.984323 0.968793 0.000246743
0.984308 0.968833 0.000246328
0.984348 0.968845 0.000245914
0.984335 0.968883 0.000245502
0.984372 0.968896 0.000245091
0.98436 0.968939 0.00024468
0.984393 0.968947 0.000244267
0.984388 0.969011 0.000243745
0.984431 0.969014 0.000243216
0.98442 0.969056 0.000242803
0.984461 0.969067 0.000242395
0.984447 0.969105 0.000241988
0.984485 0.969118 0.000241583
0.984474 0.969155 0.000241178
0.984515 0.96917 0.000240774
0.984499 0.96921 0.000240368
0.984539 0.969221 0.000239964
0.984525 0.96926 0.000239561
0.984564 0.969272 0.000239159
0.984552 0.969309 0.000238759
0.984593 0.969324 0.00023836
0.98458 0.969355 0.000237956
0.984635 0.969389 0.000237454
0.984611 0.969425 0.000236933
0.984651 0.969441 0.000236532
0.984636 0.96948 0.000236135
0.984675 0.969491 0.000235738
0.984662 0.969529 0.000235343
0.984699 0.969541 0.00023495
0.984688 0.969578 0.000234557
0.984729 0.969593 0.000234162
0.984713 0.969632 0.000233768
0.984753 0.969643 0.000233376
0.984739 0.969681 0.000232985
0.984777 0.969693 0.000232595
0.984765 0.96973 0.000232206
0.984806 0.969745 0.000231817
0.98479 0.969784 0.000231426
0.98483 0.969795 0.000231038
0.984816 0.969833 0.00023065
0.984854 0.969844 0.000230264
0.984842 0.969881 0.000229879
0.984877 0.969894 0.000229495
0.984866 0.969935 0.000229109
0.984906 0.969945 0.000228724
0.984892 0.969983 0.00022834
0.98493 0.969995 0.000227957
0.984917 0.970032 0.000227576
0.984954 0.970044 0.000227195
0.984942 0.970085 0.000226815
0.984973 0.970093 0.000226433
0.984968 0.970155 0.000225953
0.985011 0.970158 0.00022546
0.985 0.970198 0.000225078
0.985039 0.970209 0.000224701
0.985025 0.970246 0.000224324
0.985063 0.970258 0.000223949
0.985051 0.970294 0.000223575
0.985086 0.970307 0.000223202
0.985075 0.970347 0.000222826
0.985115 0.970357 0.000222452
0.9851 0.970395 0.000222079
0.985138 0.970406 0.000221707
0.985126 0.970442 0.000221336
0.985162 0.970455 0.000220967
0.985149 0.970495 0.000220597
0.985181 0.970503 0.000220225
0.985176 0.970564 0.00021976
0.985218 0.970567 0.00021928
0.985207 0.970606 0.000218909
0.985246 0.970617 0.000218542
0.985232 0.970654 0.000218176
0.985269 0.970665 0.000217811
0.985257 0.970701 0.000217447
0.985292 0.970713 0.000217084
0.985281 0.970753 0.00021672
0.98532 0.970763 0.000216356
0.985306 0.9708 0.000215994
0.985343 0.970811 0.000215632
0.985331 0.970847 0.000215272
0.985366 0.970859 0.000214912
0.985356 0.970895 0.000214554
0.985394 0.970909 0.000214194
0.985379 0.970946 0.000213834
0.985417 0.970957 0.000213476
0.985404 0.970993 0.000213119
0.98544 0.971004 0.000212762
0.985429 0.97104 0.000212407
0.985463 0.971052 0.000212053
0.985452 0.971092 0.000211697
0.985491 0.971101 0.000211342
0.985477 0.971138 0.000210988
0.985514 0.971149 0.000210635
0.985502 0.971185 0.000210283
0.985537 0.971196 0.000209932
0.985526 0.971231 0.000209583
0.985565 0.971245 0.000209231
0.98555 0.971282 0.00020888
0.985587 0.971293 0.00020853
0.985574 0.971329 0.000208181
0.98561 0.97134 0.000207834
0.985599 0.971375 0.000207487
0.985633 0.971387 0.000207141
0.985622 0.971426 0.000206794
0.98566 0.971436 0.000206447
0.985646 0.971472 0.000206101
0.985683 0.971483 0.000205757
0.985671 0.971518 0.000205413
0.985705 0.971529 0.000205071
0.985695 0.971564 0.000204729
0.985733 0.971578 0.000204386
0.985718 0.971614 0.000204043
0.985755 0.971625 0.000203702
0.985742 0.97166 0.000203361
0.985778 0.971671 0.000203021
0.985766 0.971706 0.000202683
0.9858 0.971718 0.000202345
0.985789 0.971756 0.000202007
0.985827 0.971766 0.000201668
0.985813 0.971802 0.000201331
0.98585 0.971812 0.000200994
0.985837 0.971847 0.000200658
0.985872 0.971859 0.000200324
0.985861 0.971893 0.00019999
0.985899 0.971906 0.000199656
0.985887 0.971935 0.000199321
0.985937 0.971966 0.0001989
0.985916 0.971999 0.000198467
0.985952 0.972013 0.000198132
0.985938 0.972048 0.000197801
0.985974 0.972059 0.00019747
0.985962 0.972094 0.000197141
0.985997 0.972105 0.000196812
0.985986 0.972139 0.000196484
0.986023 0.972152 0.000196157
0.986012 0.97218 0.000195826
0.986061 0.972211 0.000195416
0.986039 0.972244 0.000194988
0.986076 0.972257 0.00019466
0.986062 0.972293 0.000194334
0.986098 0.972303 0.00019401
0.986086 0.972338 0.000193686
0.98612 0.972348 0.000193363
0.986109 0.972382 0.000193041
0.986142 0.972394 0.00019272
0.986131 0.972431 0.000192397
0.986168 0.972441 0.000192075
0.986155 0.972476 0.000191754
0.98619 0.972486 0.000191434
0.986178 0.97252 0.000191115
0.986212 0.972531 0.000190796
0.986202 0.972565 0.000190479
0.986238 0.972578 0.000190161
0.986227 0.972605 0.000189842
0.986276 0.972636 0.000189442
0.986254 0.972668 0.000189029
0.98629 0.972682 0.000188712
0.986276 0.972717 0.000188396
0.986312 0.972726 0.000188082
0.9863 0.97276 0.000187768
0.986334 0.972771 0.000187455
0.986323 0.972804 0.000187143
0.986355 0.972816 0.000186832
0.986345 0.972853 0.000186519
0.986381 0.972862 0.000186207
0.986368 0.972897 0.000185896
0.986403 0.972907 0.000185586
0.986391 0.97294 0.000185277
0.986424 0.972951 0.000184969
0.986414 0.972984 0.000184661
0.98645 0.972997 0.000184353
0.986439 0.973024 0.000184044
0.986487 0.973054 0.000183658
0.986466 0.973086 0.000183257
0.986501 0.973099 0.000182949
0.986488 0.973134 0.000182643
0.986523 0.973143 0.000182339
0.98651 0.973177 0.000182035
0.986544 0.973187 0.000181732
0.986533 0.97322 0.000181429
0.986565 0.973231 0.000181128
0.986555 0.973268 0.000180826
0.986583 0.973275 0.000180523
0.986578 0.97333 0.000180142
0.986616 0.973332 0.000179751
0.986606 0.973369 0.000179449
0.986642 0.973378 0.000179149
0.986629 0.973411 0.00017885
0.986663 0.973421 0.000178552
0.986651 0.973454 0.000178255
0.986684 0.973465 0.000177959
0.986674 0.973497 0.000177663
0.986709 0.97351 0.000177367
0.986698 0.973537 0.00017707
0.986745 0.973566 0.000176697
0.986725 0.973597 0.000176313
0.986759 0.97361 0.000176017
0.986746 0.973644 0.000175724
0.98678 0.973654 0.000175431
0.986769 0.973686 0.000175138
0.986801 0.973697 0.000174847
0.986791 0.973729 0.000174556
0.986822 0.97374 0.000174267
0.986812 0.973776 0.000173976
0.986839 0.973782 0.000173685
0.986835 0.973837 0.00017332
0.986872 0.973839 0.000172943
0.986862 0.973874 0.000172653
0.986897 0.973883 0.000172365
0.986884 0.973916 0.000172077
0.986918 0.973926 0.000171791
0.986907 0.973959 0.000171505
0.986938 0.973969 0.00017122
0.986929 0.974001 0.000170936
0.986963 0.974013 0.000170652
0.986953 0.974039 0.000170365
0.986999 0.974068 0.00017001
0.986979 0.974098 0.000169638
0.987013 0.974111 0.000169354
0.986999 0.974145 0.000169072
0.987033 0.974154 0.00016879
0.987021 0.974186 0.000168509
0.987054 0.974196 0.000168229
0.987043 0.974228 0.000167949
0.987074 0.974238 0.00016767
0.987064 0.974274 0.000167392
0.987091 0.97428 0.00016711
0.987087 0.974328 0.000166765
0.987119 0.974332 0.000166442
0.987111 0.974372 0.000166149
0.987141 0.974377 0.000165851
0.987135 0.974419 0.000165538
0.987165 0.974424 0.000165235
0.987158 0.974467 0.00016493
0.987189 0.974471 0.000164622
0.987183 0.97451 0.000164324
0.987211 0.974516 0.000164039
0.987205 0.974564 0.000163716
0.987239 0.974567 0.000163385
0.987231 0.974601 0.000163106
0.987263 0.97461 0.000162835
0.987253 0.974642 0.000162565
0.987283 0.974652 0.000162295
0.987273 0.974687 0.000162026
0.9873 0.974693 0.000161753
0.987296 0.97474 0.00016142
0.987327 0.974744 0.000161107
0.987319 0.974783 0.000160824
0.987349 0.974788 0.000160535
0.987343 0.97483 0.000160233
0.987372 0.974835 0.00015994
0.987366 0.974877 0.000159645
0.987396 0.974881 0.000159346
0.98739 0.97492 0.000159059
0.987417 0.974925 0.000158782
0.987412 0.974972 0.000158471
0.987445 0.974975 0.00015815
0.987437 0.975008 0.00015788
0.987469 0.975018 0.000157618
0.987458 0.975049 0.000157357
0.987489 0.975059 0.000157096
0.987479 0.975089 0.000156836
0.987513 0.975101 0.000156575
0.987502 0.975126 0.000156313
0.987546 0.975153 0.000155986
0.987527 0.975183 0.000155646
0.98756 0.975195 0.000155387
0.987547 0.975227 0.000155128
0.987579 0.975236 0.00015487
0.987568 0.975267 0.000154612
0.987599 0.975276 0.000154356
0.987589 0.975307 0.0001541
0.987619 0.975317 0.000153844
0.98761 0.975346 0.00015359
0.987643 0.975359 0.000153334
0.987632 0.975383 0.000153078
0.987676 0.97541 0.000152758
0.987657 0.975439 0.000152425
0.987689 0.975452 0.000152171
0.987676 0.975483 0.000151918
0.987709 0.975492 0.000151665
0.987697 0.975523 0.000151413
0.987728 0.975532 0.000151162
0.987718 0.975562 0.000150911
0.987748 0.975572 0.000150661
0.987738 0.975601 0.000150412
0.987771 0.975613 0.000150162
0.987761 0.975638 0.000149911
0.987799 0.975661 0.000149601
0.987784 0.975688 0.000149312
0.987819 0.975704 0.00014905
0.987806 0.97573 0.000148783
0.987842 0.975749 0.000148503
0.987829 0.975775 0.000148231
0.987865 0.975794 0.00014796
0.987851 0.97582 0.000147682
0.987885 0.975837 0.000147417
0.987873 0.975861 0.00014716
0.987913 0.975884 0.000146875
0.987896 0.975911 0.000146575
0.987927 0.975924 0.000146326
0.987916 0.975954 0.000146084
0.987946 0.975964 0.000145842
0.987936 0.975993 0.0001456
0.987965 0.976003 0.000145359
0.987956 0.976032 0.000145119
0.987988 0.976044 0.000144877
0.987975 0.976074 0.000144636
0.988007 0.976083 0.000144396
0.987996 0.976113 0.000144156
0.988026 0.976122 0.000143917
0.988016 0.976151 0.000143678
0.988045 0.976161 0.000143441
0.988036 0.97619 0.000143203
0.988064 0.9762 0.000142966
0.988055 0.976232 0.000142729
0.98808 0.976238 0.000142491
0.988076 0.976288 0.000142193
0.988109 0.97629 0.000141884
0.9881 0.976322 0.000141648
0.988132 0.97633 0.000141413
0.98812 0.97636 0.000141178
0.988151 0.976368 0.000140943
0.98814 0.976398 0.00014071
0.98817 0.976407 0.000140477
0.98816 0.976436 0.000140244
0.988188 0.976446 0.000140012
0.98818 0.976474 0.000139781
0.988211 0.976486 0.000139548
0.988199 0.976516 0.000139317
0.98823 0.976524 0.000139085
0.988218 0.976554 0.000138855
0.988248 0.976562 0.000138624
0.988238 0.976591 0.000138395
0.988267 0.976601 0.000138166
0.988258 0.976629 0.000137937
0.988286 0.976639 0.000137709
0.988276 0.976671 0.000137481
0.988301 0.976677 0.000137252
0.988297 0.976725 0.000136967
0.98833 0.976727 0.000136668
0.988321 0.976759 0.000136441
0.988345 0.976765 0.000136214
0.988341 0.976813 0.00013593
0.988374 0.976815 0.000135634
0.988365 0.976846 0.000135409
0.988389 0.976852 0.000135184
0.988385 0.9769 0.000134901
0.988418 0.976902 0.000134608
0.988409 0.976933 0.000134384
0.98844 0.976941 0.000134161
0.988429 0.97697 0.000133939
0.988459 0.976979 0.000133717
0.988448 0.977008 0.000133495
0.988477 0.977016 0.000133274
0.988467 0.977045 0.000133054
0.988495 0.977054 0.000132834
0.988487 0.977082 0.000132615
0.988517 0.977093 0.000132395
0.988508 0.977116 0.000132174
0.988544 0.977138 0.000131901
0.98853 0.977163 0.000131647
0.988562 0.977178 0.000131417
0.98855 0.977202 0.000131181
0.988584 0.97722 0.000130937
0.988571 0.977245 0.000130696
0.988606 0.977262 0.00013046
0.988592 0.977287 0.000130213
0.988624 0.977302 0.000129982
0.988613 0.977326 0.000129752
0.988646 0.977344 0.000129507
0.988634 0.977368 0.000129272
0.988668 0.977386 0.000129035
0.988655 0.97741 0.000128795
0.988686 0.977425 0.000128564
0.988675 0.977449 0.000128339
0.988713 0.97747 0.000128093
0.988697 0.977495 0.000127831
0.988725 0.977507 0.000127615
0.988715 0.977535 0.000127404
0.988743 0.977544 0.000127193
0.988734 0.977572 0.000126983
0.988761 0.977581 0.000126773
0.988752 0.977608 0.000126564
0.988782 0.977619 0.000126355
0.988773 0.977641 0.000126143
0.988808 0.977662 0.000125886
0.988794 0.977687 0.000125641
0.988827 0.977702 0.000125424
0.988815 0.977726 0.000125196
0.988848 0.977743 0.000124966
0.988835 0.977767 0.000124733
0.988866 0.977782 0.00012451
0.988855 0.977805 0.000124293
0.988887 0.977823 0.000124055
0.988876 0.977846 0.000123833
0.988908 0.977864 0.000123603
0.988896 0.977887 0.000123376
0.98893 0.977904 0.000123153
0.988916 0.977928 0.00012292
0.988948 0.977943 0.000122703
0.988936 0.977966 0.000122486
0.988969 0.977984 0.000122255
0.988957 0.978007 0.000122033
0.98899 0.978024 0.00012181
0.988977 0.978048 0.000121582
0.989008 0.978063 0.000121365
0.988997 0.978086 0.000121153
0.989029 0.978103 0.000120922
0.989017 0.978126 0.000120705
0.98905 0.978144 0.000120482
0.989037 0.978167 0.000120259
0.989067 0.978182 0.000120043
0.989057 0.978205 0.000119835
0.989093 0.978225 0.000119604
0.989078 0.97825 0.00011936
0.989105 0.978261 0.000119159
0.989095 0.978288 0.000118962
0.989122 0.978297 0.000118765
0.989113 0.978323 0.000118569
0.98914 0.978332 0.000118374
0.989131 0.978358 0.000118178
0.989157 0.978367 0.000117984
0.989148 0.978397 0.000117788
0.989171 0.978402 0.000117592
0.989168 0.978442 0.00011735
0.989195 0.978445 0.000117125
0.989188 0.978479 0.000116921
0.989213 0.978483 0.000116711
0.989207 0.978519 0.000116495
0.989233 0.978523 0.00011628
0.989228 0.978555 0.000116071
0.989251 0.97856 0.000115869
0.989246 0.978601 0.000115647
0.989275 0.978603 0.000115411
0.989268 0.978631 0.000115216
0.989295 0.978639 0.000115026
0.989286 0.978666 0.000114836
0.989312 0.978674 0.000114647
0.989304 0.9787 0.000114458
0.989329 0.978709 0.000114269
0.989322 0.978734 0.000114081
0.98935 0.978745 0.000113892
0.989341 0.978766 0.000113702
0.989375 0.978787 0.00011347
0.989361 0.97881 0.00011325
0.989392 0.978824 0.000113055
0.98938 0.978846 0.00011285
0.989412 0.978863 0.000112644
0.9894 0.978886 0.000112434
0.989429 0.9789 0.000112234
0.989419 0.978922 0.000112037
0.989449 0.978939 0.000111825
0.989438 0.978961 0.000111623
0.98947 0.978977 0.000111418
0.989458 0.979 0.000111211
0.989487 0.979014 0.000111013
0.989477 0.979036 0.000110819
0.989507 0.979053 0.000110608
0.989496 0.979075 0.00011041
0.989527 0.979091 0.000110206
0.989515 0.979114 0.000110003
0.989544 0.979128 0.000109806
0.989534 0.97915 0.000109615
0.989568 0.979169 0.000109405
0.989554 0.979193 0.000109181
0.98958 0.979204 0.000108998
0.98957 0.97923 0.000108818
0.989597 0.979238 0.000108638
0.989588 0.979263 0.000108459
0.989613 0.979271 0.000108281
0.989605 0.979297 0.000108102
0.98963 0.979305 0.000107924
0.989622 0.97933 0.000107747
0.98965 0.97934 0.000107569
0.989641 0.979361 0.00010739
0.989674 0.979381 0.000107169
0.989661 0.979403 0.000106963
0.98969 0.979417 0.000106778
0.989679 0.979439 0.000106585
0.98971 0.979455 0.00010639
0.989698 0.979477 0.000106192
0.989727 0.979491 0.000106003
0.989717 0.979512 0.000105818
0.989746 0.979529 0.000105618
0.989736 0.97955 0.000105428
0.989766 0.979566 0.000105234
0.989754 0.979588 0.000105039
0.989783 0.979602 0.000104852
0.989773 0.979623 0.000104669
0.989802 0.979639 0.00010447
0.989791 0.979661 0.000104283
0.989822 0.979677 0.000104091
0.98981 0.979699 0.000103898
0.989838 0.979713 0.000103713
0.989828 0.979734 0.000103532
0.989858 0.97975 0.000103336
0.989847 0.979771 0.00010315
0.989877 0.979787 0.000102961
0.989866 0.979809 0.00010277
0.989894 0.979822 0.000102587
0.989884 0.979843 0.000102408
0.989913 0.979859 0.000102214
0.989902 0.979881 0.00010203
0.989932 0.979896 0.000101843
0.989921 0.979918 0.000101654
0.989949 0.979932 0.000101473
0.989939 0.979952 0.000101296
0.989968 0.979969 0.000101105
0.989957 0.97999 0.000100923
0.989987 0.980005 0.000100738
0.989976 0.980027 0.000100551
0.990003 0.98004 0.000100372
0.989994 0.980061 0.000100196
0.990023 0.980077 0.000100007
0.990012 0.980098 9.98271e-05
0.990042 0.980113 9.96448e-05
0.99003 0.980135 9.94593e-05
0.990058 0.980148 9.9283e-05
0.990048 0.980169 9.9109e-05
0.990077 0.980185 9.89224e-05
0.990066 0.980206 9.87437e-05
0.990096 0.980221 9.85639e-05
0.990084 0.980243 9.83799e-05
0.990112 0.980256 9.8206e-05
0.990102 0.980276 9.80334e-05
0.990131 0.980292 9.78494e-05
0.99012 0.980313 9.76721e-05
0.99015 0.980328 9.7495e-05
0.990138 0.98035 9.73124e-05
0.990166 0.980363 9.71409e-05
0.990156 0.980383 9.69696e-05
0.990185 0.980399 9.67884e-05
0.990174 0.98042 9.66123e-05
0.990204 0.980435 9.6438e-05
0.990192 0.980456 9.62566e-05
0.99022 0.980469 9.60877e-05
0.99021 0.98049 9.59175e-05
0.990238 0.980505 9.57392e-05
0.990227 0.980526 9.55642e-05
0.990254 0.980539 9.53926e-05
0.990245 0.980559 9.52279e-05
0.990277 0.980577 9.50458e-05
0.990263 0.980599 9.48518e-05
0.990288 0.980609 9.46929e-05
0.990279 0.980634 9.45369e-05
0.990303 0.980641 9.43813e-05
0.990295 0.980665 9.4226e-05
0.990319 0.980673 9.40711e-05
0.990311 0.980696 9.39164e-05
0.990334 0.980704 9.37621e-05
0.990327 0.980727 9.36081e-05
0.99035 0.980735 9.34544e-05
0.990342 0.980762 9.33003e-05
0.990362 0.980766 9.31454e-05
0.990359 0.980802 9.29554e-05
0.990383 0.980805 9.2776e-05
0.990377 0.980835 9.26168e-05
0.9904 0.980838 9.2449e-05
0.990394 0.98087 9.22818e-05
0.990418 0.980874 9.21088e-05
0.990412 0.980903 9.19469e-05
0.990434 0.980907 9.17845e-05
0.990429 0.980938 9.16137e-05
0.990452 0.980942 9.14465e-05
0.990447 0.980971 9.12825e-05
0.990468 0.980975 9.11249e-05
0.990463 0.981011 9.0951e-05
0.990489 0.981013 9.07653e-05
0.990482 0.981038 9.06133e-05
0.990507 0.981045 9.04642e-05
0.990498 0.981069 9.03154e-05
0.990522 0.981076 9.01669e-05
0.990514 0.981099 9.00187e-05
0.990537 0.981107 8.98708e-05
0.99053 0.98113 8.97232e-05
0.990552 0.981138 8.95759e-05
0.990545 0.98116 8.94289e-05
0.99057 0.981169 8.92818e-05
0.990563 0.981188 8.91331e-05
0.990592 0.981206 8.89528e-05
0.99058 0.981227 8.878e-05
0.990608 0.981239 8.86288e-05
0.990597 0.981259 8.84671e-05
0.990623 0.981272 8.83085e-05
0.990614 0.981291 8.81561e-05
0.990645 0.981309 8.79882e-05
0.990632 0.98133 8.78084e-05
0.990655 0.98134 8.76615e-05
0.990647 0.981363 8.75173e-05
0.99067 0.98137 8.73734e-05
0.990662 0.981393 8.72298e-05
0.990685 0.981401 8.70865e-05
0.990678 0.981423 8.69435e-05
0.9907 0.981431 8.68008e-05
0.990693 0.981453 8.66583e-05
0.990715 0.981461 8.65162e-05
0.990707 0.981486 8.63742e-05
0.990727 0.981491 8.62298e-05
